"Time EST","Wind Speed (km/h)","Wind Direction","Wind Gusts (km/h)"
"2017-11-01 00:08","1","NE","2"
"2017-11-01 00:28","1","NE","3"
"2017-11-01 00:48","2","NE","3"
"2017-11-01 01:09","1","NE","1"
"2017-11-01 01:29","1","NNE","2"
"2017-11-01 01:49","0","NNW","0"
"2017-11-01 02:08","1","NNE","2"
"2017-11-01 02:28","3","NE","4"
"2017-11-01 02:49","0","E","3"
"2017-11-01 03:08","1","NE","2"
"2017-11-01 03:28","0","N","2"
"2017-11-01 03:48","3","NE","3"
"2017-11-01 04:08","2","NNE","4"
"2017-11-01 04:28","0","N","2"
"2017-11-01 04:48","1","WSW","3"
"2017-11-01 05:08","3","NE","3"
"2017-11-01 05:28","2","NNE","4"
"2017-11-01 05:48","0","E","3"
"2017-11-01 06:08","1","NE","4"
"2017-11-01 06:28","2","NE","3"
"2017-11-01 06:48","0","E","2"
"2017-11-01 07:08","0","ENE","1"
"2017-11-01 07:28","3","ESE","5"
"2017-11-01 07:48","2","ESE","8"
"2017-11-01 08:08","3","E","4"
"2017-11-01 08:28","5","ESE","8"
"2017-11-01 08:48","4","E","9"
"2017-11-01 09:08","3","E","5"
"2017-11-01 09:28","1","ENE","5"
"2017-11-01 09:48","1","NE","3"
"2017-11-01 10:08","2","ENE","5"
"2017-11-01 10:28","4","ENE","7"
"2017-11-01 10:48","3","E","10"
"2017-11-01 11:09","4","ESE","8"
"2017-11-01 11:28","3","SE","7"
"2017-11-01 11:48","3","SE","8"
"2017-11-01 12:08","4","SE","6"
"2017-11-01 12:29","0","ESE","7"
"2017-11-01 12:48","3","ESE","6"
"2017-11-01 13:08","3","SSE","5"
"2017-11-01 13:28","6","E","11"
"2017-11-01 13:49","3","SSE","8"
"2017-11-01 14:08","2","SSW","9"
"2017-11-01 14:29","3","SSE","7"
"2017-11-01 14:49","1","SE","5"
"2017-11-01 15:08","3","SSE","8"
"2017-11-01 15:28","5","E","7"
"2017-11-01 15:48","4","ESE","9"
"2017-11-01 16:09","4","SE","9"
"2017-11-01 16:29","5","ESE","10"
"2017-11-01 16:49","4","E","7"
"2017-11-01 17:09","4","E","8"
"2017-11-01 17:28","3","E","6"
"2017-11-01 17:48","4","ENE","6"
"2017-11-01 18:09","5","ENE","8"
"2017-11-01 18:29","4","ENE","9"
"2017-11-01 18:48","3","ENE","5"
"2017-11-01 19:08","2","ENE","4"
"2017-11-01 19:30","4","NE","6"
"2017-11-01 19:50","3","NE","5"
"2017-11-01 20:08","4","NE","5"
"2017-11-01 20:28","1","N","4"
"2017-11-01 20:48","1","N","3"
"2017-11-01 21:08","2","NE","3"
"2017-11-01 21:28","3","NE","5"
"2017-11-01 21:48","2","NE","5"
"2017-11-01 22:08","3","NE","5"
"2017-11-01 22:28","5","NE","7"
"2017-11-01 22:48","3","NE","6"
"2017-11-01 23:08","3","NE","5"
"2017-11-01 23:28","2","NNE","5"
"2017-11-01 23:48","3","NE","4"
"2017-11-02 00:08","3","NE","5"
"2017-11-02 00:28","2","NE","6"
"2017-11-02 00:48","4","NE","7"
"2017-11-02 01:08","2","NNE","5"
"2017-11-02 01:28","3","N","6"
"2017-11-02 01:48","1","NE","4"
"2017-11-02 02:08","0","NE","4"
"2017-11-02 02:28","4","NNE","6"
"2017-11-02 02:48","4","NE","8"
"2017-11-02 03:08","5","NNE","9"
"2017-11-02 03:28","3","N","9"
"2017-11-02 03:48","4","NNE","8"
"2017-11-02 04:08","6","NNE","9"
"2017-11-02 04:28","6","NNE","9"
"2017-11-02 04:48","6","NE","10"
"2017-11-02 05:08","5","NNE","9"
"2017-11-02 05:28","4","NE","8"
"2017-11-02 05:48","4","NNE","7"
"2017-11-02 06:08","4","NE","7"
"2017-11-02 06:28","5","NE","9"
"2017-11-02 06:48","4","NNE","7"
"2017-11-02 07:08","3","ENE","6"
"2017-11-02 07:28","3","NE","4"
"2017-11-02 07:48","5","NE","8"
"2017-11-02 08:08","5","NE","8"
"2017-11-02 08:28","6","NE","9"
"2017-11-02 08:48","6","NE","9"
"2017-11-02 09:08","5","E","12"
"2017-11-02 09:28","5","NE","11"
"2017-11-02 09:48","6","NE","9"
"2017-11-02 10:08","3","ENE","12"
"2017-11-02 10:28","5","E","14"
"2017-11-02 10:48","7","NE","10"
"2017-11-02 11:08","7","NE","10"
"2017-11-02 11:28","6","NE","9"
"2017-11-02 11:48","7","NE","14"
"2017-11-02 12:08","7","NE","11"
"2017-11-02 15:28","6","NE",""
"2017-11-02 15:48","7","NE","13"
"2017-11-02 16:08","4","NNE","13"
"2017-11-02 16:28","6","NNE","10"
"2017-11-02 16:48","5","NNE","9"
"2017-11-02 17:08","5","NE","8"
"2017-11-02 17:28","3","NE","7"
"2017-11-02 17:48","4","NNE","7"
"2017-11-02 18:08","3","NE","6"
"2017-11-02 18:28","3","NNE","5"
"2017-11-02 18:48","3","NNE","6"
"2017-11-02 19:08","2","NNE","6"
"2017-11-02 19:28","1","N","4"
"2017-11-02 19:48","0","NNE","4"
"2017-11-02 20:08","1","NNW","6"
"2017-11-02 20:28","2","NW","7"
"2017-11-02 20:48","3","NNW","10"
"2017-11-02 21:08","0","NNW","0"
"2017-11-02 21:28","0","NW","0"
"2017-11-02 21:48","0","NW","0"
"2017-11-02 22:08","0","NW","0"
"2017-11-02 22:28","0","WNW","0"
"2017-11-02 22:48","0","WNW","0"
"2017-11-02 23:08","0","NNW","0"
"2017-11-02 23:28","0","WNW","0"
"2017-11-02 23:48","0","NW","0"
"2017-11-03 00:08","0","NW","0"
"2017-11-03 00:28","0","W","0"
"2017-11-03 00:48","0","NW","0"
"2017-11-03 01:08","0","SW","0"
"2017-11-03 01:28","0","WSW","0"
"2017-11-03 01:48","0","WSW","0"
"2017-11-03 02:08","0","WNW","0"
"2017-11-03 02:28","0","W","0"
"2017-11-03 02:48","0","W","0"
"2017-11-03 03:08","0","WSW","0"
"2017-11-03 03:28","0","W","0"
"2017-11-03 03:48","0","W","0"
"2017-11-03 04:08","0","W","0"
"2017-11-03 04:28","0","W","0"
"2017-11-03 04:48","0","WNW","0"
"2017-11-03 05:08","0","W","0"
"2017-11-03 05:28","0","WSW",""
"2017-11-03 05:48","0","NW","0"
"2017-11-03 06:08","0","N","0"
"2017-11-03 06:28","0","W","0"
"2017-11-03 06:48","0","W","0"
"2017-11-03 07:08","0","W","0"
"2017-11-03 07:28","0","WNW","0"
"2017-11-03 07:48","0","WSW","0"
"2017-11-03 08:08","0","W",""
"2017-11-03 08:28","0","W","0"
"2017-11-03 08:48","0","W","0"
"2017-11-03 09:08","0","NW","0"
"2017-11-03 09:28","0","WNW","0"
"2017-11-03 09:48","0","SW","0"
"2017-11-03 10:08","0","WNW","0"
"2017-11-03 10:28","0","WNW","0"
"2017-11-03 10:48","0","NW","0"
"2017-11-03 11:08","0","NW","0"
"2017-11-03 11:28","0","NW","0"
"2017-11-03 11:48","0","NW","0"
"2017-11-03 12:08","0","W","0"
"2017-11-03 12:28","0","W","0"
"2017-11-03 12:48","0","W","0"
"2017-11-03 13:08","0","WSW","0"
"2017-11-03 13:28","0","WNW","0"
"2017-11-03 13:48","0","WNW","0"
"2017-11-03 14:08","0","NW","0"
"2017-11-03 14:28","0","WNW","0"
"2017-11-03 14:48","0","NW","0"
"2017-11-03 15:08","0","NW","0"
"2017-11-03 15:28","0","W","0"
"2017-11-03 15:48","0","W","0"
"2017-11-03 16:08","0","WNW","0"
"2017-11-03 16:28","0","WSW","0"
"2017-11-03 16:48","0","NW","0"
"2017-11-03 17:08","0","WSW","0"
"2017-11-03 17:28","0","SW","0"
"2017-11-03 17:48","0","WNW","0"
"2017-11-03 18:08","0","WSW","0"
"2017-11-03 18:28","0","SW","0"
"2017-11-03 18:48","0","WSW","0"
"2017-11-03 19:08","0","SW","0"
"2017-11-03 19:28","0","SW","0"
"2017-11-03 19:48","0","WSW","0"
"2017-11-03 20:08","0","SW","0"
"2017-11-03 20:28","0","SSW","0"
"2017-11-03 20:48","0","W","0"
"2017-11-03 21:08","0","SW","0"
"2017-11-03 21:28","0","WSW","0"
"2017-11-03 21:48","0","SW","0"
"2017-11-03 22:08","0","SW","0"
"2017-11-03 22:28","0","WSW","0"
"2017-11-03 22:48","0","WSW","0"
"2017-11-03 23:08","0","W","0"
"2017-11-03 23:28","0","SW","0"
"2017-11-03 23:48","0","WSW","0"
"2017-11-04 00:08","0","NW","0"
"2017-11-04 00:28","0","WNW","0"
"2017-11-04 00:48","0","W","0"
"2017-11-04 01:08","0","NW","0"
"2017-11-04 01:28","0","NNW","0"
"2017-11-04 01:48","0","WSW","0"
"2017-11-04 02:08","0","W","0"
"2017-11-04 02:28","0","W","0"
"2017-11-04 02:48","0","WNW","0"
"2017-11-04 03:08","0","WSW","0"
"2017-11-04 03:28","0","NW","0"
"2017-11-04 03:48","0","WSW","0"
"2017-11-04 04:08","0","NW","0"
"2017-11-04 04:28","0","WNW","0"
"2017-11-04 04:48","0","W","0"
"2017-11-04 05:08","0","WNW","0"
"2017-11-04 05:28","0","W","0"
"2017-11-04 05:48","0","N","0"
"2017-11-04 06:08","0","E","0"
"2017-11-04 06:28","0","NNW","0"
"2017-11-04 06:48","0","NNE","0"
"2017-11-04 07:08","0","ENE","0"
"2017-11-04 07:28","0","ENE","0"
"2017-11-04 07:48","0","ENE","0"
"2017-11-04 08:08","0","NE","0"
"2017-11-04 08:28","0","E","0"
"2017-11-04 08:48","0","N","0"
"2017-11-04 09:08","0","N","0"
"2017-11-04 09:28","0","NE","0"
"2017-11-04 09:48","0","NNE","0"
"2017-11-04 10:08","0","E","0"
"2017-11-04 10:28","0","ESE","0"
"2017-11-04 10:48","0","E","0"
"2017-11-04 11:08","0","E","0"
"2017-11-04 11:28","0","E","0"
"2017-11-04 11:48","0","ESE","0"
"2017-11-04 12:08","0","ENE","0"
"2017-11-04 12:28","0","ESE","0"
"2017-11-04 12:48","0","NE","0"
"2017-11-04 13:08","0","ENE","0"
"2017-11-04 13:28","0","NE","0"
"2017-11-04 13:48","0","NE","0"
"2017-11-04 14:08","0","NE","0"
"2017-11-04 14:28","0","NE","0"
"2017-11-04 14:48","10","NE","15"
"2017-11-04 15:08","7","NE","12"
"2017-11-04 15:28","14","NE","19"
"2017-11-04 15:48","8","NE","13"
"2017-11-04 16:08","10","NE","21"
"2017-11-04 16:28","12","NE","15"
"2017-11-04 16:48","9","NE","18"
"2017-11-04 17:08","9","ENE","14"
"2017-11-04 17:28","5","ENE","18"
"2017-11-04 17:48","5","NE","13"
"2017-11-04 18:08","6","NE","12"
"2017-11-04 18:28","7","NE","13"
"2017-11-04 18:48","7","NE","12"
"2017-11-04 19:08","5","NE","13"
"2017-11-04 19:28","6","NE","12"
"2017-11-04 19:48","5","NE","10"
"2017-11-04 20:08","9","NE","12"
"2017-11-04 20:28","7","NE","11"
"2017-11-04 20:48","7","NE","12"
"2017-11-04 21:08","8","NE","14"
"2017-11-04 21:28","8","NE","10"
"2017-11-04 21:48","6","NE","12"
"2017-11-04 22:08","4","NE","10"
"2017-11-04 22:28","8","NE","11"
"2017-11-04 22:48","9","NE","15"
"2017-11-04 23:08","6","NE","13"
"2017-11-04 23:28","5","NE","12"
"2017-11-04 23:48","6","NE","9"
"2017-11-05 00:08","5","NE","9"
"2017-11-05 00:28","6","NE","9"
"2017-11-05 00:48","6","NE","9"
"2017-11-05 01:08","6","NE","9"
"2017-11-05 01:09","5","NE","6"
"2017-11-05 01:28","4","NE","8"
"2017-11-05 01:28","4","NE","8"
"2017-11-05 01:48","4","NE","9"
"2017-11-05 01:48","4","NE","6"
"2017-11-05 02:08","4","ENE","11"
"2017-11-05 02:28","6","E","9"
"2017-11-05 02:48","4","ESE","10"
"2017-11-05 03:08","5","E","13"
"2017-11-05 03:28","4","E","7"
"2017-11-05 03:48","9","ESE","15"
"2017-11-05 04:08","6","ESE","17"
"2017-11-05 04:28","5","E","13"
"2017-11-05 04:48","8","ESE","16"
"2017-11-05 05:08","6","E","10"
"2017-11-05 05:28","6","SE","10"
"2017-11-05 05:48","8","SE","14"
"2017-11-05 06:08","8","ESE","14"
"2017-11-05 06:28","5","SE","10"
"2017-11-05 06:48","5","ESE","12"
"2017-11-05 07:08","7","SE","12"
"2017-11-05 07:28","6","SSE","10"
"2017-11-05 07:48","5","SSE","10"
"2017-11-05 08:08","4","SSE","10"
"2017-11-05 08:28","8","SE","16"
"2017-11-05 08:48","7","SSE",""
"2017-11-05 09:08","5","SSE","9"
"2017-11-05 09:28","5","SSE","8"
"2017-11-05 09:48","3","SSE","8"
"2017-11-05 10:08","6","S","10"
"2017-11-05 10:28","8","SSW","14"
"2017-11-05 10:48","8","S","14"
"2017-11-05 11:08","7","SSW","13"
"2017-11-05 11:28","8","SSW","13"
"2017-11-05 16:28","14","WSW","26"
"2017-11-05 16:48","12","WSW","22"
"2017-11-05 17:08","14","WSW","25"
"2017-11-05 17:28","12","WSW","18"
"2017-11-05 17:48","18","SW","24"
"2017-11-05 18:08","14","WSW","22"
"2017-11-05 18:28","28","WSW","40"
"2017-11-05 18:48","15","WSW","37"
"2017-11-05 19:08","22","WSW","33"
"2017-11-05 19:28","17","WSW","22"
"2017-11-05 19:48","12","SW","18"
"2017-11-05 20:08","19","WSW","33"
"2017-11-05 20:28","12","WSW","27"
"2017-11-05 20:48","19","WSW","34"
"2017-11-05 21:08","18","WSW","28"
"2017-11-05 21:28","18","WSW","41"
"2017-11-05 21:48","18","W","34"
"2017-11-05 22:08","14","WSW","25"
"2017-11-05 22:28","21","WSW","36"
"2017-11-05 22:48","9","WSW","26"
"2017-11-05 23:08","13","WSW","22"
"2017-11-05 23:28","13","WSW","25"
"2017-11-05 23:48","17","WSW","26"
"2017-11-06 00:08","16","WSW","26"
"2017-11-06 00:28","16","WSW","28"
"2017-11-06 00:48","14","WSW","19"
"2017-11-06 01:08","18","WSW","25"
"2017-11-06 01:28","15","WSW","22"
"2017-11-06 01:48","12","WSW","21"
"2017-11-06 02:08","16","WSW","27"
"2017-11-06 02:28","12","SW","27"
"2017-11-06 02:48","12","WSW","21"
"2017-11-06 03:08","6","SW","12"
"2017-11-06 03:28","17","SW","22"
"2017-11-06 03:48","6","SW","23"
"2017-11-06 04:08","6","SW","11"
"2017-11-06 04:28","6","SW","14"
"2017-11-06 04:48","9","SW","18"
"2017-11-06 05:08","18","WSW","28"
"2017-11-06 05:28","22","WSW","35"
"2017-11-06 05:48","9","W","15"
"2017-11-06 06:08","8","WSW","15"
"2017-11-06 06:28","3","WSW","7"
"2017-11-06 06:48","3","S","8"
"2017-11-06 07:08","4","SSW","7"
"2017-11-06 07:28","4","SSE","7"
"2017-11-06 07:48","4","SSE","6"
"2017-11-06 08:08","5","SSE","9"
"2017-11-06 08:28","4","SSE","8"
"2017-11-06 08:48","4","SSE","8"
"2017-11-06 09:08","4","S","7"
"2017-11-06 09:28","4","S","10"
"2017-11-06 09:48","4","SSE","10"
"2017-11-06 10:08","7","SSW","11"
"2017-11-06 10:28","7","SSW","11"
"2017-11-06 10:48","6","SSW","12"
"2017-11-06 11:08","3","SSW","9"
"2017-11-06 11:28","5","SW","6"
"2017-11-06 11:48","7","SSW","9"
"2017-11-06 12:08","8","SSW","15"
"2017-11-06 12:28","12","SSW","25"
"2017-11-06 12:48","18","SW","25"
"2017-11-06 13:08","11","SW","20"
"2017-11-06 13:28","9","SSW","19"
"2017-11-06 13:48","13","SSW","30"
"2017-11-06 14:08","12","SW","26"
"2017-11-06 14:28","13","SW","22"
"2017-11-06 14:48","11","SW","24"
"2017-11-06 15:08","14","SW","27"
"2017-11-06 15:28","13","SSW","28"
"2017-11-06 15:48","12","SW","22"
"2017-11-06 16:08","13","S","27"
"2017-11-06 16:28","12","SSW","25"
"2017-11-06 16:48","10","W","18"
"2017-11-06 17:08","9","WSW","13"
"2017-11-06 17:28","12","WSW","20"
"2017-11-06 17:48","10","WSW","23"
"2017-11-06 18:08","5","SW","11"
"2017-11-06 18:28","10","S","19"
"2017-11-06 18:48","7","SSW","13"
"2017-11-06 19:08","4","S","9"
"2017-11-06 19:28","6","SSW","9"
"2017-11-06 19:48","6","SSW","11"
"2017-11-06 20:08","6","S","11"
"2017-11-06 20:28","7","SSW","14"
"2017-11-06 20:48","6","SSW","10"
"2017-11-06 21:08","5","S","9"
"2017-11-06 21:28","6","SSW","9"
"2017-11-06 21:48","5","S","8"
"2017-11-06 22:08","4","S","7"
"2017-11-06 22:28","6","SSE","10"
"2017-11-06 22:48","4","SSE","6"
"2017-11-06 23:08","3","SSE","6"
"2017-11-06 23:28","4","S","8"
"2017-11-06 23:48","3","SSW","7"
"2017-11-07 00:08","3","SW","6"
"2017-11-07 00:28","1","S","3"
"2017-11-07 00:48","4","SW","9"
"2017-11-07 01:08","6","SW","9"
"2017-11-07 01:28","6","SW","12"
"2017-11-07 01:48","6","WSW","10"
"2017-11-07 02:08","4","SW","8"
"2017-11-07 02:28","6","WSW","11"
"2017-11-07 02:48","5","SW","9"
"2017-11-07 03:08","6","SW","13"
"2017-11-07 03:28","7","SW","13"
"2017-11-07 03:48","8","SW","14"
"2017-11-07 04:08","10","SW","17"
"2017-11-07 04:28","14","WSW","20"
"2017-11-07 04:48","6","WSW","18"
"2017-11-07 05:08","7","WSW","14"
"2017-11-07 05:28","10","WSW","16"
"2017-11-07 05:48","6","WSW","12"
"2017-11-07 06:08","7","WSW","12"
"2017-11-07 06:28","14","SW","21"
"2017-11-07 06:48","11","WSW","15"
"2017-11-07 07:08","12","WSW","16"
"2017-11-07 07:28","9","WSW","17"
"2017-11-07 07:48","11","WSW","16"
"2017-11-07 08:08","8","SW","14"
"2017-11-07 08:28","10","WSW","15"
"2017-11-07 08:48","6","SW","9"
"2017-11-07 09:08","8","SW","11"
"2017-11-07 09:28","7","SW","13"
"2017-11-07 09:48","7","SSW","14"
"2017-11-07 10:08","13","WSW","18"
"2017-11-07 10:28","18","WSW","25"
"2017-11-07 10:48","15","SW","27"
"2017-11-07 11:08","15","SSW","27"
"2017-11-07 11:28","18","SSW","32"
"2017-11-07 11:48","17","WSW","24"
"2017-11-07 12:08","9","SW","18"
"2017-11-07 12:28","13","SW","21"
"2017-11-07 12:48","11","WSW","22"
"2017-11-07 13:08","14","SW","23"
"2017-11-07 13:28","13","SSW","23"
"2017-11-07 13:48","8","S","18"
"2017-11-07 14:08","10","S","18"
"2017-11-07 14:28","9","S","17"
"2017-11-07 14:48","8","SSW","19"
"2017-11-07 15:08","7","S","17"
"2017-11-07 15:28","9","SSE","16"
"2017-11-07 15:48","8","SSE","17"
"2017-11-07 16:08","12","SSW","19"
"2017-11-07 16:28","8","S","15"
"2017-11-07 16:48","8","SSW","14"
"2017-11-07 17:08","5","SSW","10"
"2017-11-07 17:28","7","S","12"
"2017-11-07 17:48","7","S","11"
"2017-11-07 18:08","6","SSW","10"
"2017-11-07 18:28","5","S","11"
"2017-11-07 18:48","6","S","10"
"2017-11-07 19:08","11","SSW","17"
"2017-11-07 19:28","7","S","14"
"2017-11-07 19:48","12","S","21"
"2017-11-07 20:08","13","SSW","21"
"2017-11-07 20:28","12","SSW","21"
"2017-11-07 20:48","13","SSW","26"
"2017-11-07 21:08","14","SSW","24"
"2017-11-07 21:28","11","SW","24"
"2017-11-07 21:48","11","S","28"
"2017-11-07 22:08","12","S","24"
"2017-11-07 22:28","16","SW","27"
"2017-11-07 22:48","14","S","27"
"2017-11-07 23:08","13","S","25"
"2017-11-07 23:28","13","SSW","23"
"2017-11-07 23:48","16","SSW","25"
"2017-11-08 00:08","11","S","23"
"2017-11-08 00:28","15","S","24"
"2017-11-08 00:48","15","S","22"
"2017-11-08 01:08","10","S","21"
"2017-11-08 01:28","11","SSW","24"
"2017-11-08 01:48","11","SSW","22"
"2017-11-08 02:08","13","S","21"
"2017-11-08 02:28","11","S","22"
"2017-11-08 02:48","11","S","18"
"2017-11-08 03:08","11","S","22"
"2017-11-08 03:28","12","S","22"
"2017-11-08 03:48","13","S","19"
"2017-11-08 04:08","12","SSW","22"
"2017-11-08 04:28","14","SSW","28"
"2017-11-08 04:48","10","S","23"
"2017-11-08 05:08","11","SSW","18"
"2017-11-08 05:28","9","SSW","21"
"2017-11-08 05:48","12","SSW","18"
"2017-11-08 06:08","8","SSW","18"
"2017-11-08 06:28","9","SSW","18"
"2017-11-08 06:48","6","S","17"
"2017-11-08 07:08","10","S","19"
"2017-11-08 07:28","8","SSW","16"
"2017-11-08 07:48","6","SSW","15"
"2017-11-08 08:08","4","SSW","15"
"2017-11-08 08:28","5","SSW","13"
"2017-11-08 08:48","8","S","13"
"2017-11-08 09:08","6","SSW","15"
"2017-11-08 09:28","7","SSW","13"
"2017-11-08 09:48","7","S","11"
"2017-11-08 10:08","5","SSW","9"
"2017-11-08 10:28","5","S","9"
"2017-11-08 10:48","6","SSW","13"
"2017-11-08 11:08","9","SW","13"
"2017-11-08 11:28","9","WSW","14"
"2017-11-08 11:48","11","WSW","17"
"2017-11-08 12:08","15","SW","18"
"2017-11-08 12:29","10","WSW","18"
"2017-11-08 12:48","10","WSW","14"
"2017-11-08 13:08","4","SSW","11"
"2017-11-08 13:28","9","WSW","16"
"2017-11-08 13:48","7","SSW","12"
"2017-11-08 14:08","12","W","17"
"2017-11-08 14:28","3","NW","14"
"2017-11-08 14:48","3","NNW","12"
"2017-11-08 15:08","7","N","15"
"2017-11-08 15:28","4","N","11"
"2017-11-08 15:48","3","N","15"
"2017-11-08 16:08","4","NW","14"
"2017-11-08 16:28","5","N","12"
"2017-11-08 16:48","3","NNW","9"
"2017-11-08 17:08","3","NW","6"
"2017-11-08 17:28","3","W","8"
"2017-11-08 17:48","0","N","3"
"2017-11-08 18:08","0","NW","4"
"2017-11-08 18:28","3","WNW","6"
"2017-11-08 18:48","3","NW","8"
"2017-11-08 19:08","0","N","4"
"2017-11-08 19:28","5","NW","10"
"2017-11-08 19:48","5","N","9"
"2017-11-08 20:08","5","WNW","17"
"2017-11-08 20:28","8","NNW","15"
"2017-11-08 20:48","4","W","14"
"2017-11-08 21:08","4","WNW","12"
"2017-11-08 21:28","1","SW","8"
"2017-11-08 21:48","5","WSW","11"
"2017-11-08 22:08","5","NNW","9"
"2017-11-08 22:28","3","N","10"
"2017-11-08 22:48","4","NNW","14"
"2017-11-08 23:08","5","WNW","10"
"2017-11-08 23:28","3","WNW","12"
"2017-11-08 23:48","3","NNW","10"
"2017-11-09 00:08","5","WNW","10"
"2017-11-09 00:28","5","WNW","9"
"2017-11-09 00:48","5","NW","12"
"2017-11-09 01:08","3","N","9"
"2017-11-09 01:28","2","N","10"
"2017-11-09 01:48","4","N","14"
"2017-11-09 02:08","4","NE","13"
"2017-11-09 02:28","2","W","12"
"2017-11-09 02:48","2","WNW","9"
"2017-11-09 03:08","0","NNW","3"
"2017-11-09 03:28","0","N","3"
"2017-11-09 03:48","1","WNW","4"
"2017-11-09 04:08","0","NNW","0"
"2017-11-09 04:28","1","NNW","3"
"2017-11-09 04:48","1","N","3"
"2017-11-09 05:08","1","NNW","3"
"2017-11-09 05:28","0","N","2"
"2017-11-09 05:48","0","WNW","3"
"2017-11-09 06:08","1","SW","2"
"2017-11-09 06:28","0","NW","4"
"2017-11-09 06:48","0","NNE","2"
"2017-11-09 07:08","0","W","0"
"2017-11-09 07:28","0","WNW","1"
"2017-11-09 07:48","1","NNE","3"
"2017-11-09 08:08","0","NW","3"
"2017-11-09 08:28","1","NNW","3"
"2017-11-09 08:48","0","WSW","5"
"2017-11-09 09:08","2","NW","4"
"2017-11-09 09:28","0","NW","4"
"2017-11-09 09:48","2","W","4"
"2017-11-09 10:08","5","NW","8"
"2017-11-09 10:28","7","SW","12"
"2017-11-09 10:48","9","WSW","19"
"2017-11-09 11:08","8","WNW","16"
"2017-11-09 11:28","5","WNW","14"
"2017-11-09 11:48","8","NW","14"
"2017-11-09 12:08","8","WNW","17"
"2017-11-09 12:28","6","NW","17"
"2017-11-09 12:48","10","NW","21"
"2017-11-09 13:08","11","W","18"
"2017-11-09 13:28","8","WNW","27"
"2017-11-09 13:48","10","NW","23"
"2017-11-09 14:08","6","WSW","14"
"2017-11-09 14:28","10","WNW","23"
"2017-11-09 14:48","10","NW","20"
"2017-11-09 15:08","8","WNW","22"
"2017-11-09 15:28","10","W","19"
"2017-11-09 15:48","11","W","21"
"2017-11-09 16:08","12","WNW","23"
"2017-11-09 16:28","10","W","19"
"2017-11-09 16:48","10","W","20"
"2017-11-09 17:08","9","W","21"
"2017-11-09 17:28","6","WSW","17"
"2017-11-09 17:48","7","W","13"
"2017-11-09 18:08","7","W","12"
"2017-11-09 18:28","6","W","14"
"2017-11-09 18:48","5","W","14"
"2017-11-09 19:08","8","WSW","14"
"2017-11-09 19:28","9","SW","17"
"2017-11-09 19:48","6","WSW","17"
"2017-11-09 20:08","9","WSW","15"
"2017-11-09 20:28","10","WSW","17"
"2017-11-09 20:48","11","WSW","17"
"2017-11-09 21:08","11","W","16"
"2017-11-09 21:28","9","W","15"
"2017-11-09 21:48","8","WSW","15"
"2017-11-09 22:08","5","W","14"
"2017-11-09 22:28","10","W","22"
"2017-11-09 22:48","12","W","19"
"2017-11-09 23:08","6","WSW","15"
"2017-11-09 23:28","9","WSW","16"
"2017-11-09 23:48","10","WSW","15"
"2017-11-10 00:08","11","WSW","18"
"2017-11-10 00:28","8","WSW","18"
"2017-11-10 00:48","10","SW","17"
"2017-11-10 01:08","6","WSW","11"
"2017-11-10 01:28","6","SW","10"
"2017-11-10 01:48","7","WSW","10"
"2017-11-10 02:08","9","WSW","14"
"2017-11-10 02:28","11","SW","19"
"2017-11-10 02:48","12","WSW","18"
"2017-11-10 03:08","10","WSW","16"
"2017-11-10 03:28","10","WSW","21"
"2017-11-10 03:48","9","WSW","19"
"2017-11-10 04:08","12","SW","18"
"2017-11-10 04:28","12","SW","17"
"2017-11-10 04:48","14","SW","24"
"2017-11-10 05:08","15","WSW","26"
"2017-11-10 05:28","13","WSW","19"
"2017-11-10 05:48","9","SW","15"
"2017-11-10 06:08","12","WSW","14"
"2017-11-10 06:28","6","WSW","14"
"2017-11-10 06:48","10","WSW","17"
"2017-11-10 07:08","11","WSW","19"
"2017-11-10 07:28","8","SW","13"
"2017-11-10 07:48","9","SW","12"
"2017-11-10 08:08","4","SW","10"
"2017-11-10 08:28","8","WSW","12"
"2017-11-10 08:48","5","SW","12"
"2017-11-10 09:08","9","SW","12"
"2017-11-10 09:28","10","WSW","14"
"2017-11-10 09:48","10","WSW","14"
"2017-11-10 10:08","8","SW","14"
"2017-11-10 10:28","8","WSW","14"
"2017-11-10 10:48","10","SW","18"
"2017-11-10 11:08","12","WSW","16"
"2017-11-10 11:28","9","SW","17"
"2017-11-10 11:48","6","SW","14"
"2017-11-10 12:08","9","SW","13"
"2017-11-10 12:28","8","SW","12"
"2017-11-10 12:48","5","SW","11"
"2017-11-10 13:08","5","SSW","12"
"2017-11-10 13:28","5","SSW","9"
"2017-11-10 13:48","6","SSW","8"
"2017-11-10 14:08","2","WSW","10"
"2017-11-10 14:28","2","S","6"
"2017-11-10 14:48","5","W","8"
"2017-11-10 15:08","3","SSE","4"
"2017-11-10 15:28","6","SSE","10"
"2017-11-10 15:48","6","SSE","10"
"2017-11-10 16:08","6","SSE","10"
"2017-11-10 16:28","3","SSE","6"
"2017-11-10 16:48","2","S","4"
"2017-11-10 17:08","0","ENE","5"
"2017-11-10 17:28","1","NNE","3"
"2017-11-10 17:48","1","NE","1"
"2017-11-10 18:08","2","ENE","5"
"2017-11-10 18:28","0","SSE","1"
"2017-11-10 18:48","0","SE","3"
"2017-11-10 19:08","0","SW","1"
"2017-11-10 19:28","0","ENE","0"
"2017-11-10 19:48","0","W","1"
"2017-11-10 20:08","0","NE","1"
"2017-11-10 20:28","0","NNW","2"
"2017-11-10 20:48","2","ENE","4"
"2017-11-10 21:08","9","ESE","13"
"2017-11-10 21:28","8","ESE","13"
"2017-11-10 21:48","7","ESE","11"
"2017-11-10 22:08","6","ESE","13"
"2017-11-10 22:28","4","SE","8"
"2017-11-10 22:48","3","SE","8"
"2017-11-10 23:08","2","SE","7"
"2017-11-10 23:28","5","ESE","10"
"2017-11-10 23:48","7","E","15"
"2017-11-11 00:08","8","ESE","14"
"2017-11-11 00:28","5","ESE","12"
"2017-11-11 00:48","3","ESE","8"
"2017-11-11 01:08","4","ESE","8"
"2017-11-11 01:28","6","SSE","12"
"2017-11-11 01:48","9","SE","14"
"2017-11-11 02:08","9","SSE","16"
"2017-11-11 02:28","11","SE","16"
"2017-11-11 02:48","6","SSE","14"
"2017-11-11 03:08","5","SE","13"
"2017-11-11 03:28","6","ESE","12"
"2017-11-11 03:48","6","SE","10"
"2017-11-11 04:08","4","SE","15"
"2017-11-11 04:28","7","SE","13"
"2017-11-11 04:48","8","SE","17"
"2017-11-11 05:08","4","ESE","14"
"2017-11-11 05:28","4","SE","12"
"2017-11-11 05:48","5","SE","13"
"2017-11-11 06:08","7","SSE","14"
"2017-11-11 06:28","5","SSE","12"
"2017-11-11 06:48","4","SE","12"
"2017-11-11 07:08","4","SE","13"
"2017-11-11 07:28","4","SE","10"
"2017-11-11 07:48","6","ESE","12"
"2017-11-11 08:08","5","SE","11"
"2017-11-11 08:28","6","E","10"
"2017-11-11 08:48","8","E","13"
"2017-11-11 09:08","6","ESE","10"
"2017-11-11 09:28","4","ESE","12"
"2017-11-11 09:48","5","ESE","11"
"2017-11-11 10:08","5","E","10"
"2017-11-11 10:28","3","SSE","6"
"2017-11-11 10:48","2","SSE","7"
"2017-11-11 11:08","2","SE","5"
"2017-11-11 11:28","0","S","2"
"2017-11-11 11:48","2","SSE","3"
"2017-11-11 12:08","3","S","5"
"2017-11-11 12:28","7","SSE","13"
"2017-11-11 12:48","11","S","19"
"2017-11-11 13:08","10","S","21"
"2017-11-11 13:28","10","S","19"
"2017-11-11 13:48","8","SSE","15"
"2017-11-11 14:08","6","S","21"
"2017-11-11 14:28","6","S","10"
"2017-11-11 14:48","11","S","16"
"2017-11-11 15:08","6","SSW","12"
"2017-11-11 15:28","5","S","15"
"2017-11-11 15:48","7","SSE","13"
"2017-11-11 16:08","5","SSE","13"
"2017-11-11 16:28","4","S","10"
"2017-11-11 16:48","4","SSE","9"
"2017-11-11 17:08","5","SSE","8"
"2017-11-11 17:28","4","S","7"
"2017-11-11 17:48","6","WSW","7"
"2017-11-11 18:08","3","SW","4"
"2017-11-11 18:28","2","SW","4"
"2017-11-11 18:48","2","SE","3"
"2017-11-11 19:08","3","S","4"
"2017-11-11 19:28","0","SSE","1"
"2017-11-11 19:48","1","SE","2"
"2017-11-11 20:08","1","NNW","2"
"2017-11-11 20:28","1","NW","3"
"2017-11-11 20:48","1","NW","3"
"2017-11-11 21:08","0","NW","3"
"2017-11-11 21:28","0","WSW","1"
"2017-11-11 21:48","0","N","0"
"2017-11-11 22:08","2","NW","6"
"2017-11-11 22:28","2","NNW","5"
"2017-11-11 22:48","2","NW","5"
"2017-11-11 23:08","2","NW","5"
"2017-11-11 23:28","3","N","10"
"2017-11-11 23:48","1","NW","6"
"2017-11-12 00:08","5","N","10"
"2017-11-12 00:28","4","NNW","9"
"2017-11-12 00:48","3","NNE","10"
"2017-11-12 01:08","1","NNE","4"
"2017-11-12 01:28","0","NE","2"
"2017-11-12 01:48","3","N","5"
"2017-11-12 02:08","3","NNW","8"
"2017-11-12 02:28","2","NNE","5"
"2017-11-12 02:48","1","NE","8"
"2017-11-12 03:08","1","ENE","5"
"2017-11-12 03:28","2","NW","7"
"2017-11-12 03:48","1","NW","4"
"2017-11-12 04:08","1","N","4"
"2017-11-12 04:28","3","WSW","3"
"2017-11-12 04:48","3","NW","8"
"2017-11-12 05:08","2","N","5"
"2017-11-12 05:28","0","NW","3"
"2017-11-12 05:48","0","WSW","3"
"2017-11-12 06:08","0","WNW","3"
"2017-11-12 06:28","0","WNW","3"
"2017-11-12 06:48","0","WNW","0"
"2017-11-12 07:08","0","NNE","2"
"2017-11-12 07:28","0","NNE","0"
"2017-11-12 07:48","0","N","0"
"2017-11-12 08:08","1","NE","1"
"2017-11-12 08:28","1","NNE","3"
"2017-11-12 08:48","1","NE","3"
"2017-11-12 09:08","0","N","1"
"2017-11-12 09:28","0","SE","1"
"2017-11-12 09:48","1","SE","3"
"2017-11-12 10:08","2","SE","6"
"2017-11-12 10:28","3","SSE","5"
"2017-11-12 10:48","2","S","6"
"2017-11-12 11:08","3","SSE","6"
"2017-11-12 11:28","3","S","7"
"2017-11-12 11:48","4","S","7"
"2017-11-12 12:08","4","SSE","8"
"2017-11-12 12:28","4","S","7"
"2017-11-12 12:48","4","S","6"
"2017-11-12 13:08","3","S","8"
"2017-11-12 13:28","4","S","12"
"2017-11-12 13:48","4","S","8"
"2017-11-12 14:08","4","S","9"
"2017-11-12 14:28","5","S","9"
"2017-11-12 14:48","6","S","12"
"2017-11-12 15:08","4","S","10"
"2017-11-12 15:28","5","SSE","9"
"2017-11-12 15:48","4","S","7"
"2017-11-12 16:08","4","SSW","7"
"2017-11-12 16:28","4","S","7"
"2017-11-12 16:48","3","S","5"
"2017-11-12 17:08","3","S","6"
"2017-11-12 17:28","2","SSE","4"
"2017-11-12 17:48","4","S","6"
"2017-11-12 18:08","4","SSW","10"
"2017-11-12 18:28","4","S","8"
"2017-11-12 18:48","3","S","6"
"2017-11-12 19:08","3","S","6"
"2017-11-12 19:28","3","SW","5"
"2017-11-12 19:48","5","WSW","11"
"2017-11-12 20:08","3","WSW","9"
"2017-11-12 20:28","4","W","10"
"2017-11-12 20:48","5","WSW","10"
"2017-11-12 21:08","5","SW","8"
"2017-11-12 21:28","3","SW","6"
"2017-11-12 21:48","5","SW","7"
"2017-11-12 22:08","5","WSW","8"
"2017-11-12 22:28","4","SW","6"
"2017-11-12 22:48","3","SW","6"
"2017-11-12 23:08","3","SSW","4"
"2017-11-12 23:28","2","S","4"
"2017-11-12 23:48","3","S","4"
"2017-11-13 00:08","0","SSW","3"
"2017-11-13 00:28","1","SW","3"
"2017-11-13 00:48","1","WSW","3"
"2017-11-13 01:08","5","NW","17"
"2017-11-13 01:28","4","WNW","9"
"2017-11-13 01:48","2","WNW","5"
"2017-11-13 02:08","1","NW","5"
"2017-11-13 02:28","1","N","6"
"2017-11-13 02:48","2","W","7"
"2017-11-13 03:08","2","NW","5"
"2017-11-13 03:28","1","WNW","6"
"2017-11-13 03:48","0","NW","3"
"2017-11-13 04:08","0","NW","0"
"2017-11-13 04:28","0","WNW","0"
"2017-11-13 04:48","0","ENE","0"
"2017-11-13 05:08","0","NE","2"
"2017-11-13 05:28","0","WNW","2"
"2017-11-13 05:48","0","NE","1"
"2017-11-13 06:08","1","N","5"
"2017-11-13 06:28","2","NE","5"
"2017-11-13 06:48","2","N","5"
"2017-11-13 07:08","6","N","9"
"2017-11-13 07:28","4","NNE","9"
"2017-11-13 07:48","2","N","6"
"2017-11-13 08:08","3","NNE","5"
"2017-11-13 08:28","4","NNE","6"
"2017-11-13 08:48","3","NNE","7"
"2017-11-13 09:08","2","N","8"
"2017-11-13 09:28","5","NE","8"
"2017-11-13 09:48","6","NE","10"
"2017-11-13 10:08","7","NNE","11"
"2017-11-13 10:28","5","NE","11"
"2017-11-13 10:48","5","NE","10"
"2017-11-13 11:08","5","ENE","9"
"2017-11-13 11:28","7","NE","9"
"2017-11-13 11:48","7","NE","11"
"2017-11-13 12:08","1","ESE","9"
"2017-11-13 12:28","4","ESE","8"
"2017-11-13 12:48","3","E","10"
"2017-11-13 13:08","4","ESE","6"
"2017-11-13 13:28","3","WSW","4"
"2017-11-13 13:48","0","N","7"
"2017-11-13 14:08","3","NE","9"
"2017-11-13 14:28","3","ESE","4"
"2017-11-13 14:48","1","SW","2"
"2017-11-13 15:08","0","ESE","4"
"2017-11-13 15:28","4","SSE","7"
"2017-11-13 15:48","2","SSE","5"
"2017-11-13 16:08","5","SE","8"
"2017-11-13 16:28","4","SE","9"
"2017-11-13 16:48","4","ESE","7"
"2017-11-13 17:08","2","SE","5"
"2017-11-13 17:28","4","SE","6"
"2017-11-13 17:48","4","SSE","5"
"2017-11-13 18:08","4","E","7"
"2017-11-13 18:28","2","E","5"
"2017-11-13 18:48","2","SE","5"
"2017-11-13 19:08","4","ESE","8"
"2017-11-13 19:28","3","ESE","9"
"2017-11-13 19:48","6","ESE","9"
"2017-11-13 20:08","3","S","5"
"2017-11-13 20:28","2","ESE","5"
"2017-11-13 20:48","1","SSE","5"
"2017-11-13 21:08","3","ESE","6"
"2017-11-13 21:28","6","SE","9"
"2017-11-13 21:48","3","SE","7"
"2017-11-13 22:08","3","ESE","8"
"2017-11-13 22:28","1","SE","5"
"2017-11-13 22:48","5","ESE","9"
"2017-11-13 23:08","4","SSE","7"
"2017-11-13 23:28","4","SE","8"
"2017-11-13 23:48","2","SE","7"
"2017-11-14 00:08","4","ESE","10"
"2017-11-14 00:28","5","ESE","8"
"2017-11-14 00:48","5","ESE","10"
"2017-11-14 01:08","4","SSE","10"
"2017-11-14 01:28","4","SE","9"
"2017-11-14 01:48","5","SSE","10"
"2017-11-14 02:08","5","SSE","14"
"2017-11-14 02:28","7","SE","13"
"2017-11-14 02:48","7","SSE","12"
"2017-11-14 03:08","5","SSE","12"
"2017-11-14 03:28","6","SSE","12"
"2017-11-14 03:48","7","SSE","14"
"2017-11-14 04:08","5","SSE","10"
"2017-11-14 04:28","5","SSE","10"
"2017-11-14 04:48","5","SSE","10"
"2017-11-14 05:08","4","SSE","8"
"2017-11-14 05:28","5","SE","8"
"2017-11-14 05:48","5","SSE","8"
"2017-11-14 06:08","5","SSE","8"
"2017-11-14 06:28","3","SE","5"
"2017-11-14 06:48","2","SSE","5"
"2017-11-14 07:08","6","SSE","11"
"2017-11-14 07:28","5","SE","12"
"2017-11-14 07:48","8","SE","15"
"2017-11-14 08:08","13","SSE","19"
"2017-11-14 08:28","11","SSE","17"
"2017-11-14 08:48","9","SE","19"
"2017-11-14 09:08","8","SSE","16"
"2017-11-14 09:28","10","SE","20"
"2017-11-14 09:48","10","SE","18"
"2017-11-14 10:08","10","SE","14"
"2017-11-14 10:28","9","SSE","18"
"2017-11-14 10:48","8","SSE","17"
"2017-11-14 11:08","7","SSE","18"
"2017-11-14 11:28","5","SSE","16"
"2017-11-14 11:48","8","SSE","18"
"2017-11-14 12:08","10","SSE","16"
"2017-11-14 12:28","8","SSE","22"
"2017-11-14 12:48","8","SSE","14"
"2017-11-14 13:08","7","SSE","14"
"2017-11-14 13:28","11","SSE","18"
"2017-11-14 13:48","13","SSE","22"
"2017-11-14 14:08","11","SSE","18"
"2017-11-14 14:28","9","SSE","18"
"2017-11-14 14:48","9","SSE","19"
"2017-11-14 15:08","10","SSE","18"
"2017-11-14 15:28","10","SSE","18"
"2017-11-14 15:48","9","SSE","26"
"2017-11-14 16:08","12","SE","21"
"2017-11-14 16:28","7","SSE","13"
"2017-11-14 16:48","7","SSE","15"
"2017-11-14 17:08","8","SSE","18"
"2017-11-14 17:28","8","SSE","17"
"2017-11-14 17:48","9","SSE","17"
"2017-11-14 18:08","12","SSE","27"
"2017-11-14 18:28","13","SSE","21"
"2017-11-14 18:48","10","SSE","20"
"2017-11-14 19:08","8","SSE","19"
"2017-11-14 19:28","10","SSE","19"
"2017-11-14 19:48","9","SSE","21"
"2017-11-14 20:08","5","S","15"
"2017-11-14 20:28","7","S","14"
"2017-11-14 20:48","6","SSE","12"
"2017-11-14 21:08","4","SSE","16"
"2017-11-14 21:28","6","SSE","9"
"2017-11-14 21:48","5","S","10"
"2017-11-14 22:08","5","SSE","15"
"2017-11-14 22:28","4","SSE","9"
"2017-11-14 22:48","6","S","14"
"2017-11-14 23:08","9","SSE","15"
"2017-11-14 23:28","7","SSE","13"
"2017-11-14 23:48","7","SSE","13"
"2017-11-15 00:08","7","SSE","12"
"2017-11-15 00:28","5","S","11"
"2017-11-15 00:48","4","S","7"
"2017-11-15 01:08","3","S","6"
"2017-11-15 01:28","6","SSE","9"
"2017-11-15 01:48","5","SE","11"
"2017-11-15 02:08","6","SE","10"
"2017-11-15 02:28","4","SE","9"
"2017-11-15 02:48","5","ESE","9"
"2017-11-15 03:08","4","ESE","8"
"2017-11-15 03:28","4","SE","9"
"2017-11-15 03:48","2","ESE","6"
"2017-11-15 04:08","3","E","4"
"2017-11-15 04:28","1","E","5"
"2017-11-15 04:48","5","ESE","7"
"2017-11-15 05:08","4","ESE","5"
"2017-11-15 05:28","1","ESE","9"
"2017-11-15 05:48","2","ESE","6"
"2017-11-15 06:08","4","ESE","11"
"2017-11-15 06:28","2","SE","6"
"2017-11-15 06:48","0","SE","1"
"2017-11-15 07:08","0","SE","3"
"2017-11-15 07:28","0","N","0"
"2017-11-15 07:48","0","E","4"
"2017-11-15 08:08","1","NE","3"
"2017-11-15 08:28","1","NE","5"
"2017-11-15 08:48","3","N","5"
"2017-11-15 09:08","2","ENE","6"
"2017-11-15 09:28","2","NE","4"
"2017-11-15 09:48","5","NE","7"
"2017-11-15 10:08","4","NE","6"
"2017-11-15 10:28","5","NE","6"
"2017-11-15 10:48","3","NE","5"
"2017-11-15 11:08","3","NNE","5"
"2017-11-15 11:28","5","NNE","9"
"2017-11-15 11:48","4","NNE","7"
"2017-11-15 12:08","5","NNE","12"
"2017-11-15 12:28","4","N","9"
"2017-11-15 12:48","5","N","9"
"2017-11-15 13:08","4","NNE","12"
"2017-11-15 13:28","6","N","14"
"2017-11-15 13:48","5","N","16"
"2017-11-15 14:08","9","NNW","22"
"2017-11-15 14:28","11","N","21"
"2017-11-15 14:48","6","NNE","27"
"2017-11-15 15:08","6","N","26"
"2017-11-15 15:28","7","NW","27"
"2017-11-15 15:48","8","NNE","27"
"2017-11-15 16:08","8","N","20"
"2017-11-15 16:28","6","N","27"
"2017-11-15 16:48","7","N","19"
"2017-11-15 17:08","8","N","27"
"2017-11-15 17:28","9","N","23"
"2017-11-15 17:48","7","N","23"
"2017-11-15 18:08","10","N","24"
"2017-11-15 18:28","11","NE","33"
"2017-11-15 18:48","11","N","27"
"2017-11-15 19:08","10","N","29"
"2017-11-15 19:28","9","N","23"
"2017-11-15 19:48","14","NNW","32"
"2017-11-15 20:08","8","N","36"
"2017-11-15 20:28","9","N","25"
"2017-11-15 20:48","10","NW","30"
"2017-11-15 21:08","12","N","32"
"2017-11-15 21:28","13","NW","30"
"2017-11-15 21:48","6","N","37"
"2017-11-15 22:08","11","N","30"
"2017-11-15 22:28","12","NNW","28"
"2017-11-15 22:48","8","N","33"
"2017-11-15 23:08","10","N","23"
"2017-11-15 23:28","12","NNW","26"
"2017-11-15 23:48","14","NW","30"
"2017-11-16 00:08","6","WNW","17"
"2017-11-16 00:28","10","NNW","30"
"2017-11-16 00:48","9","NW","32"
"2017-11-16 01:08","16","NW","35"
"2017-11-16 01:28","13","NNW","33"
"2017-11-16 01:48","11","N","28"
"2017-11-16 02:08","13","NW","27"
"2017-11-16 02:28","14","NW","41"
"2017-11-16 02:48","13","NW","28"
"2017-11-16 03:08","6","N","28"
"2017-11-16 03:28","8","NNW","22"
"2017-11-16 03:48","9","N","21"
"2017-11-16 04:08","8","WNW","22"
"2017-11-16 04:28","8","NW","27"
"2017-11-16 04:48","10","NW","22"
"2017-11-16 05:08","12","NNW","31"
"2017-11-16 05:28","8","N","25"
"2017-11-16 05:48","10","NW","24"
"2017-11-16 06:08","10","WNW","32"
"2017-11-16 06:28","11","NNW","25"
"2017-11-16 06:48","6","NW","19"
"2017-11-16 07:08","8","WNW","26"
"2017-11-16 07:28","10","NNW","22"
"2017-11-16 07:48","8","N","22"
"2017-11-16 08:08","8","NW","29"
"2017-11-16 08:28","6","WNW","19"
"2017-11-16 08:48","8","NW","19"
"2017-11-16 09:08","8","WNW","18"
"2017-11-16 09:28","4","NW","18"
"2017-11-16 09:48","5","NNE","23"
"2017-11-16 10:08","9","NW","19"
"2017-11-16 10:28","9","NW","18"
"2017-11-16 10:48","7","NW","19"
"2017-11-16 11:08","6","N","20"
"2017-11-16 11:28","11","N","21"
"2017-11-16 11:48","8","NW","18"
"2017-11-16 12:08","11","NW","22"
"2017-11-16 12:28","5","NW","19"
"2017-11-16 12:48","5","NNW","20"
"2017-11-16 13:08","9","NNW","18"
"2017-11-16 13:28","7","NNW","16"
"2017-11-16 13:48","6","N","12"
"2017-11-16 14:08","5","NNW","16"
"2017-11-16 14:28","6","N","14"
"2017-11-16 14:48","5","NNW","12"
"2017-11-16 15:08","3","NNW","15"
"2017-11-16 15:28","4","NNW","14"
"2017-11-16 15:48","3","NE","12"
"2017-11-16 16:08","2","N","10"
"2017-11-16 16:28","2","N","6"
"2017-11-16 16:48","1","N","10"
"2017-11-16 17:08","2","WNW","7"
"2017-11-16 17:28","1","N","5"
"2017-11-16 17:48","3","NE","5"
"2017-11-16 18:08","1","NNE","5"
"2017-11-16 18:28","4","WNW","7"
"2017-11-16 18:48","2","NNE","4"
"2017-11-16 19:08","4","NE","7"
"2017-11-16 19:28","2","NNE","10"
"2017-11-16 19:48","0","NNE","3"
"2017-11-16 20:08","3","NE","4"
"2017-11-16 20:28","2","NE","3"
"2017-11-16 20:48","2","NE","3"
"2017-11-16 21:08","5","NE","7"
"2017-11-16 21:28","2","NE","4"
"2017-11-16 21:48","2","E","6"
"2017-11-16 22:08","1","NE","3"
"2017-11-16 22:28","1","NNE","2"
"2017-11-16 22:48","4","NE","5"
"2017-11-16 23:08","4","NE","5"
"2017-11-16 23:28","1","NE","4"
"2017-11-16 23:48","3","NE","4"
"2017-11-17 00:08","5","NE","8"
"2017-11-17 00:28","3","ENE","7"
"2017-11-17 00:48","3","ENE","5"
"2017-11-17 01:08","4","ENE","8"
"2017-11-17 01:28","3","ESE","7"
"2017-11-17 01:48","3","ESE","7"
"2017-11-17 02:08","1","NNE","8"
"2017-11-17 02:28","3","SE","8"
"2017-11-17 02:48","4","NE","7"
"2017-11-17 03:08","3","ESE","8"
"2017-11-17 03:28","3","E","6"
"2017-11-17 03:48","4","E","8"
"2017-11-17 04:08","6","ESE","10"
"2017-11-17 04:28","7","ESE","12"
"2017-11-17 04:48","5","NE","15"
"2017-11-17 05:08","5","NE","10"
"2017-11-17 05:28","5","ESE","15"
"2017-11-17 05:48","8","ESE","16"
"2017-11-17 06:08","7","ENE","13"
"2017-11-17 06:28","8","E","19"
"2017-11-17 06:48","9","E","16"
"2017-11-17 07:08","11","E","17"
"2017-11-17 07:28","13","E","21"
"2017-11-17 07:48","10","ESE","23"
"2017-11-17 08:08","14","ESE","22"
"2017-11-17 08:28","8","SSE","19"
"2017-11-17 08:48","9","ESE","15"
"2017-11-17 09:08","12","SE","22"
"2017-11-17 09:28","12","SE","26"
"2017-11-17 09:48","13","ESE","22"
"2017-11-17 10:08","9","ESE","18"
"2017-11-17 10:28","10","SSE","21"
"2017-11-17 10:48","16","ESE","26"
"2017-11-17 11:08","14","ESE","30"
"2017-11-17 11:28","14","E","23"
"2017-11-17 11:48","14","ESE","27"
"2017-11-17 12:08","11","E","23"
"2017-11-17 12:28","13","ESE","23"
"2017-11-17 12:48","12","ESE","23"
"2017-11-17 13:08","8","ESE","21"
"2017-11-17 13:28","8","SE","14"
"2017-11-17 13:48","6","ESE","12"
"2017-11-17 14:08","9","ESE","13"
"2017-11-17 14:28","5","ENE","10"
"2017-11-17 14:48","5","NE","12"
"2017-11-17 15:08","5","E","10"
"2017-11-17 15:28","5","E","17"
"2017-11-17 15:48","8","ESE","18"
"2017-11-17 16:08","9","ESE","15"
"2017-11-17 16:28","10","ESE","19"
"2017-11-17 16:48","7","E","13"
"2017-11-17 17:08","8","E","15"
"2017-11-17 17:28","5","ESE","12"
"2017-11-17 17:48","4","E","11"
"2017-11-17 18:08","4","ESE","8"
"2017-11-17 18:28","3","ESE","7"
"2017-11-17 18:48","4","ESE","9"
"2017-11-17 19:08","7","ESE","15"
"2017-11-17 19:28","8","ESE","15"
"2017-11-17 19:48","5","ESE","14"
"2017-11-17 20:08","6","ESE","12"
"2017-11-17 20:28","3","ESE","9"
"2017-11-17 20:48","2","ESE","8"
"2017-11-17 21:08","1","S","4"
"2017-11-17 21:28","1","S","5"
"2017-11-17 21:48","2","SSE","4"
"2017-11-17 22:08","3","SSE","5"
"2017-11-17 22:28","3","SSE","5"
"2017-11-17 22:48","2","SSE","5"
"2017-11-17 23:08","0","SE","3"
"2017-11-17 23:28","0","E","1"
"2017-11-17 23:48","1","E","3"
"2017-11-18 00:08","0","S","0"
"2017-11-18 00:28","0","WNW","0"
"2017-11-18 00:48","0","E","0"
"2017-11-18 01:08","0","N","0"
"2017-11-18 01:28","1","SW","3"
"2017-11-18 01:48","3","NE","4"
"2017-11-18 02:08","0","NW","2"
"2017-11-18 02:28","0","S","1"
"2017-11-18 02:48","1","W","3"
"2017-11-18 03:08","0","ESE","1"
"2017-11-18 03:28","0","NE","2"
"2017-11-18 03:48","0","W","0"
"2017-11-18 04:08","0","W","0"
"2017-11-18 04:28","0","NNE","1"
"2017-11-18 04:48","4","NW","10"
"2017-11-18 05:08","5","NW","12"
"2017-11-18 05:28","7","NNW","13"
"2017-11-18 05:48","7","NNW","15"
"2017-11-18 06:08","5","NNW","12"
"2017-11-18 06:28","5","N","18"
"2017-11-18 06:48","6","N","18"
"2017-11-18 07:08","5","NNW","15"
"2017-11-18 07:28","4","N","15"
"2017-11-18 07:48","6","N","10"
"2017-11-18 08:08","1","N","6"
"2017-11-18 08:28","3","N","13"
"2017-11-18 08:48","4","N","11"
"2017-11-18 09:08","7","N","13"
"2017-11-18 09:28","9","NW","18"
"2017-11-18 09:48","4","NNE","14"
"2017-11-18 10:08","6","N","16"
"2017-11-18 10:28","6","N","16"
"2017-11-18 10:48","5","N","18"
"2017-11-18 11:08","5","NE","13"
"2017-11-18 11:28","7","N","18"
"2017-11-18 11:48","6","N","20"
"2017-11-18 12:08","4","WNW","15"
"2017-11-18 12:28","5","NW","13"
"2017-11-18 12:48","5","NW","13"
"2017-11-18 13:08","5","NW","14"
"2017-11-18 13:28","4","N","11"
"2017-11-18 13:48","2","NE","13"
"2017-11-18 14:08","8","NNE","16"
"2017-11-18 14:28","5","N","13"
"2017-11-18 14:48","5","WNW","14"
"2017-11-18 15:08","1","N","11"
"2017-11-18 15:28","3","N","9"
"2017-11-18 15:48","3","N","7"
"2017-11-18 16:08","3","NW","6"
"2017-11-18 16:28","8","NW","13"
"2017-11-18 16:48","4","N","8"
"2017-11-18 17:08","3","NNW","9"
"2017-11-18 17:28","3","NW","9"
"2017-11-18 17:48","6","NW","18"
"2017-11-18 18:08","6","WNW","15"
"2017-11-18 18:28","6","W","13"
"2017-11-18 18:48","2","WSW","12"
"2017-11-18 19:08","4","NW","11"
"2017-11-18 19:28","4","NW","12"
"2017-11-18 19:48","4","W","14"
"2017-11-18 20:08","9","WNW","16"
"2017-11-18 20:28","8","W","17"
"2017-11-18 20:48","8","WNW","15"
"2017-11-18 21:08","6","WNW","17"
"2017-11-18 21:28","4","N","10"
"2017-11-18 21:48","4","WNW","9"
"2017-11-18 22:08","2","NNW","10"
"2017-11-18 22:28","3","NNW","9"
"2017-11-18 22:48","2","WSW","5"
"2017-11-18 23:08","2","W","6"
"2017-11-18 23:28","3","W","7"
"2017-11-18 23:48","3","W","8"
"2017-11-19 00:08","5","WSW","9"
"2017-11-19 00:28","4","W","7"
"2017-11-19 00:48","5","W","8"
"2017-11-19 01:08","4","WSW","8"
"2017-11-19 01:28","4","W","9"
"2017-11-19 01:48","4","WSW","7"
"2017-11-19 02:08","5","W","10"
"2017-11-19 02:28","6","W","15"
"2017-11-19 02:48","3","WNW","8"
"2017-11-19 03:08","3","W","7"
"2017-11-19 03:28","3","WNW","6"
"2017-11-19 03:48","5","WSW","7"
"2017-11-19 04:08","6","WSW","12"
"2017-11-19 04:28","6","W","12"
"2017-11-19 04:48","6","WNW","13"
"2017-11-19 05:08","13","W","24"
"2017-11-19 05:28","9","WNW","17"
"2017-11-19 05:48","9","W","20"
"2017-11-19 06:08","8","W","18"
"2017-11-19 06:28","11","W","19"
"2017-11-19 06:48","9","W","15"
"2017-11-19 07:08","8","WSW","23"
"2017-11-19 07:28","9","W","21"
"2017-11-19 07:48","6","NW","17"
"2017-11-19 08:08","5","W","12"
"2017-11-19 08:28","6","W","10"
"2017-11-19 08:48","3","W","9"
"2017-11-19 09:08","4","WSW","10"
"2017-11-19 09:28","6","W","11"
"2017-11-19 09:48","5","WSW","13"
"2017-11-19 10:08","6","SW","12"
"2017-11-19 10:28","5","SW","13"
"2017-11-19 10:48","5","SW","10"
"2017-11-19 11:08","9","WSW","12"
"2017-11-19 11:28","7","W","13"
"2017-11-19 11:48","8","WSW","17"
"2017-11-19 12:08","14","WSW","18"
"2017-11-19 12:28","14","WSW","20"
"2017-11-19 12:48","9","SW","15"
"2017-11-19 13:08","13","WSW","19"
"2017-11-19 13:28","15","WSW","22"
"2017-11-19 13:48","8","WSW","17"
"2017-11-19 14:08","11","SW","18"
"2017-11-19 14:28","10","SSW","14"
"2017-11-19 14:48","10","WSW","15"
"2017-11-19 15:08","8","SW","14"
"2017-11-19 15:28","6","SSW","15"
"2017-11-19 15:48","12","SW","19"
"2017-11-19 16:08","5","SW","13"
"2017-11-19 16:28","18","SW","27"
"2017-11-19 16:48","16","WSW","23"
"2017-11-19 17:08","14","SW","22"
"2017-11-19 17:28","13","WSW","17"
"2017-11-19 17:48","7","SW","18"
"2017-11-19 18:08","11","WSW","16"
"2017-11-19 18:28","8","SW","10"
"2017-11-19 18:48","4","WSW","7"
"2017-11-19 19:08","4","SSW","5"
"2017-11-19 19:28","4","S","7"
"2017-11-19 19:48","5","SW","8"
"2017-11-19 20:08","6","SSW","9"
"2017-11-19 20:28","7","SW","14"
"2017-11-19 20:48","10","SW","14"
"2017-11-19 21:08","9","SW","15"
"2017-11-19 21:28","12","WSW","18"
"2017-11-19 21:48","9","WSW","17"
"2017-11-19 22:08","9","SW","18"
"2017-11-19 22:28","10","SW","16"
"2017-11-19 22:48","8","SW","17"
"2017-11-19 23:08","7","SW","15"
"2017-11-19 23:28","10","SW","15"
"2017-11-19 23:48","10","SW","18"
"2017-11-20 00:08","11","SW","15"
"2017-11-20 00:28","7","SW","13"
"2017-11-20 00:48","4","S","10"
"2017-11-20 01:08","2","S","5"
"2017-11-20 01:28","3","S","5"
"2017-11-20 01:48","3","S","6"
"2017-11-20 02:08","4","S","9"
"2017-11-20 02:28","7","SW","11"
"2017-11-20 02:48","11","SW","17"
"2017-11-20 03:08","11","SW","17"
"2017-11-20 03:28","7","SW","14"
"2017-11-20 03:48","7","SW","13"
"2017-11-20 04:08","8","SW","12"
"2017-11-20 04:28","9","SW","13"
"2017-11-20 04:48","7","SW","12"
"2017-11-20 05:08","6","SW","10"
"2017-11-20 05:28","5","WSW","8"
"2017-11-20 05:48","1","S","3"
"2017-11-20 06:08","0","SE","2"
"2017-11-20 06:28","0","ESE","3"
"2017-11-20 06:48","2","ESE","3"
"2017-11-20 07:08","4","ESE","6"
"2017-11-20 07:28","0","ENE","2"
"2017-11-20 07:48","0","SSE","2"
"2017-11-20 08:08","1","S","2"
"2017-11-20 08:28","1","S","2"
"2017-11-20 08:48","4","SSE","5"
"2017-11-20 09:08","4","SSE","6"
"2017-11-20 09:28","3","S","6"
"2017-11-20 09:48","3","S","7"
"2017-11-20 10:08","3","SSE","7"
"2017-11-20 10:28","3","S","7"
"2017-11-20 10:48","5","S","10"
"2017-11-20 11:08","10","SSE","14"
"2017-11-20 11:28","6","SSE","13"
"2017-11-20 11:48","11","SSE","19"
"2017-11-20 12:08","8","S","15"
"2017-11-20 12:28","8","SSE","14"
"2017-11-20 12:48","8","SSW","14"
"2017-11-20 13:08","8","SSE","15"
"2017-11-20 13:28","7","SSE","13"
"2017-11-20 13:48","5","S","12"
"2017-11-20 14:08","5","S","9"
"2017-11-20 14:28","6","SSE","10"
"2017-11-20 14:48","4","E","9"
"2017-11-20 15:08","5","E","10"
"2017-11-20 15:28","7","E","12"
"2017-11-20 15:48","5","E","11"
"2017-11-20 16:08","3","ESE","8"
"2017-11-20 16:28","4","ENE","8"
"2017-11-20 16:48","5","E","9"
"2017-11-20 17:08","3","NE","11"
"2017-11-20 17:28","3","E","10"
"2017-11-20 17:48","5","E","12"
"2017-11-20 18:08","4","ENE","12"
"2017-11-20 18:28","5","E","10"
"2017-11-20 18:48","10","E","15"
"2017-11-20 19:08","6","ESE","12"
"2017-11-20 19:28","4","E","11"
"2017-11-20 19:48","8","E","14"
"2017-11-20 20:08","9","ESE","16"
"2017-11-20 20:28","7","ESE","15"
"2017-11-20 20:48","7","ESE","11"
"2017-11-20 21:08","8","ESE","13"
"2017-11-20 21:28","6","ESE","13"
"2017-11-20 21:48","8","ESE","15"
"2017-11-20 22:08","9","ESE","18"
"2017-11-20 22:28","2","NNE","10"
"2017-11-20 22:48","6","ESE","12"
"2017-11-20 23:08","3","E","8"
"2017-11-20 23:28","5","ENE","11"
"2017-11-20 23:48","6","ESE","17"
"2017-11-21 00:08","4","ENE","12"
"2017-11-21 00:28","3","ESE","12"
"2017-11-21 00:48","4","NE","9"
"2017-11-21 01:08","2","ENE","9"
"2017-11-21 01:28","5","NE","10"
"2017-11-21 01:48","4","NE","9"
"2017-11-21 02:08","3","ENE","11"
"2017-11-21 02:28","4","ESE","9"
"2017-11-21 02:48","5","E","11"
"2017-11-21 03:08","4","E","8"
"2017-11-21 03:28","4","E","9"
"2017-11-21 03:48","3","SE","6"
"2017-11-21 04:08","3","SE","6"
"2017-11-21 04:28","3","SSE","5"
"2017-11-21 04:48","7","S","15"
"2017-11-21 05:08","9","SSW","16"
"2017-11-21 05:28","11","SW","16"
"2017-11-21 05:48","9","SW","19"
"2017-11-21 06:08","8","SW","14"
"2017-11-21 06:28","17","W","28"
"2017-11-21 06:48","10","WNW","31"
"2017-11-21 07:08","14","WNW","32"
"2017-11-21 07:28","15","W","33"
"2017-11-21 07:48","11","WNW","24"
"2017-11-21 08:08","14","W","28"
"2017-11-21 08:28","11","WNW","33"
"2017-11-21 08:48","10","WNW","31"
"2017-11-21 09:08","9","NNW","28"
"2017-11-21 09:28","12","WNW","26"
"2017-11-21 09:48","9","W","26"
"2017-11-21 10:08","15","W","29"
"2017-11-21 10:28","8","NW","24"
"2017-11-21 10:48","8","NW","26"
"2017-11-21 11:08","11","WSW","23"
"2017-11-21 11:28","10","WNW","30"
"2017-11-21 11:48","12","W","27"
"2017-11-21 12:08","6","NW","31"
"2017-11-21 12:28","10","WNW","33"
"2017-11-21 12:48","10","NW","25"
"2017-11-21 13:08","15","W","30"
"2017-11-21 13:28","9","WNW","24"
"2017-11-21 13:48","12","W","25"
"2017-11-21 14:08","15","WSW","24"
"2017-11-21 14:28","11","WNW","27"
"2017-11-21 14:48","18","WSW","29"
"2017-11-21 15:08","9","SW","21"
"2017-11-21 15:28","10","SW","22"
"2017-11-21 15:48","12","WSW","18"
"2017-11-21 16:08","13","WSW","30"
"2017-11-21 16:28","15","WSW","24"
"2017-11-21 16:48","12","WSW","20"
"2017-11-21 17:08","14","WSW","32"
"2017-11-21 17:28","16","WSW","24"
"2017-11-21 17:48","12","WSW","22"
"2017-11-21 18:08","14","SW","19"
"2017-11-21 18:28","12","WSW","18"
"2017-11-21 18:48","15","SW","21"
"2017-11-21 19:08","16","SW","22"
"2017-11-21 19:28","15","WSW","21"
"2017-11-21 19:48","14","WSW","23"
"2017-11-21 20:08","14","WSW","22"
"2017-11-21 20:28","15","SW","21"
"2017-11-21 20:48","13","WSW","22"
"2017-11-21 21:08","12","SW","23"
"2017-11-21 21:28","12","SW","20"
"2017-11-21 21:48","10","WSW","20"
"2017-11-21 22:08","9","WSW","21"
"2017-11-21 22:28","8","SW","16"
"2017-11-21 22:48","11","SW","18"
"2017-11-21 23:08","9","SW","17"
"2017-11-21 23:28","10","WSW","16"
"2017-11-21 23:48","8","SW","17"
"2017-11-22 00:08","7","SSW","13"
"2017-11-22 00:28","8","SW","13"
"2017-11-22 00:48","11","SSW","21"
"2017-11-22 01:08","12","SW","17"
"2017-11-22 01:28","10","SW","22"
"2017-11-22 01:48","12","SW","20"
"2017-11-22 02:08","13","WSW","22"
"2017-11-22 02:28","8","SW","17"
"2017-11-22 02:48","9","SW","16"
"2017-11-22 03:08","7","SW","16"
"2017-11-22 03:28","10","SW","16"
"2017-11-22 03:48","6","SW","15"
"2017-11-22 04:08","9","SSW","14"
"2017-11-22 04:28","10","WSW","16"
"2017-11-22 04:48","8","SW","14"
"2017-11-22 05:08","8","SW","16"
"2017-11-22 05:28","10","SW","16"
"2017-11-22 05:48","9","WSW","17"
"2017-11-22 06:08","7","SW","13"
"2017-11-22 06:28","8","SW","13"
"2017-11-22 06:48","6","SW","14"
"2017-11-22 07:08","6","SSW","10"
"2017-11-22 07:28","5","SW","9"
"2017-11-22 07:48","7","SSW","11"
"2017-11-22 08:08","6","SSW","9"
"2017-11-22 08:28","4","S","9"
"2017-11-22 08:48","4","S","8"
"2017-11-22 09:08","4","SSW","7"
"2017-11-22 09:28","4","S","11"
"2017-11-22 09:48","6","S","14"
"2017-11-22 10:08","6","S","12"
"2017-11-22 10:28","12","SW","26"
"2017-11-22 10:48","8","S","18"
"2017-11-22 11:08","8","S","16"
"2017-11-22 11:28","10","S","18"
"2017-11-22 11:48","10","S","24"
"2017-11-22 12:08","15","SW","26"
"2017-11-22 12:28","10","SSW","26"
"2017-11-22 12:48","9","S","26"
"2017-11-22 13:08","13","SSW","27"
"2017-11-22 13:28","10","S","20"
"2017-11-22 13:48","13","SSW","26"
"2017-11-22 14:08","13","SW","25"
"2017-11-22 14:28","18","SSW","29"
"2017-11-22 14:48","11","SW","24"
"2017-11-22 15:08","12","SSW","22"
"2017-11-22 15:28","13","SSW","21"
"2017-11-22 15:48","9","SSW","21"
"2017-11-22 16:08","7","SSW","15"
"2017-11-22 16:28","5","SSW","13"
"2017-11-22 16:48","2","S","5"
"2017-11-22 17:08","3","SSE","7"
"2017-11-22 17:28","1","SE","3"
"2017-11-22 17:48","2","S","4"
"2017-11-22 18:08","2","S","4"
"2017-11-22 18:28","3","S","4"
"2017-11-22 18:48","3","S","4"
"2017-11-22 19:08","2","SSW","4"
"2017-11-22 19:28","2","SE","4"
"2017-11-22 19:48","0","S","3"
"2017-11-22 20:08","0","NE","1"
"2017-11-22 20:28","0","ENE","2"
"2017-11-22 20:48","3","S","4"
"2017-11-22 21:08","2","SSW","3"
"2017-11-22 21:28","6","SSW","12"
"2017-11-22 21:48","10","SSW","16"
"2017-11-22 22:08","10","SSW","23"
"2017-11-22 22:28","14","SSW","24"
"2017-11-22 22:48","13","SSW","22"
"2017-11-22 23:08","14","SSW","26"
"2017-11-22 23:28","9","S","20"
"2017-11-22 23:48","10","SSW","21"
"2017-11-23 00:08","14","S","21"
"2017-11-23 00:28","9","SSW","19"
"2017-11-23 00:48","9","SSW","21"
"2017-11-23 01:08","9","SSW","21"
"2017-11-23 01:28","12","SSW","20"
"2017-11-23 01:48","10","SSW","17"
"2017-11-23 02:08","8","S","18"
"2017-11-23 02:28","11","SSW","18"
"2017-11-23 02:48","9","S","20"
"2017-11-23 03:08","9","S","16"
"2017-11-23 03:28","17","SW","26"
"2017-11-23 03:48","13","SSW","26"
"2017-11-23 04:08","12","SSW","19"
"2017-11-23 04:28","14","SSW","19"
"2017-11-23 04:48","10","SSW","18"
"2017-11-23 05:08","12","SW","20"
"2017-11-23 05:28","12","SSW","20"
"2017-11-23 05:48","13","SW","22"
"2017-11-23 06:08","12","SSW","17"
"2017-11-23 06:28","16","SW","25"
"2017-11-23 06:48","13","SW","24"
"2017-11-23 07:08","13","SW","27"
"2017-11-23 07:28","12","SW","26"
"2017-11-23 07:48","17","SW","26"
"2017-11-23 08:08","15","WSW","24"
"2017-11-23 08:28","9","W","20"
"2017-11-23 08:48","8","W","16"
"2017-11-23 09:08","11","SW","14"
"2017-11-23 09:28","15","WSW","21"
"2017-11-23 09:48","14","WSW","21"
"2017-11-23 10:08","10","WSW","21"
"2017-11-23 10:28","11","WSW","18"
"2017-11-23 10:48","11","WSW","15"
"2017-11-23 11:08","14","WSW","21"
"2017-11-23 11:28","13","SW","25"
"2017-11-23 11:48","8","WSW","26"
"2017-11-23 12:08","6","WNW","21"
"2017-11-23 12:28","6","WNW","24"
"2017-11-23 12:48","10","W","22"
"2017-11-23 13:08","7","NW","19"
"2017-11-23 13:28","8","WSW","15"
"2017-11-23 13:48","6","WNW","18"
"2017-11-23 14:08","5","WNW","15"
"2017-11-23 14:28","9","W","17"
"2017-11-23 14:48","4","WSW","17"
"2017-11-23 15:08","4","NNW","14"
"2017-11-23 15:28","9","WNW","19"
"2017-11-23 15:48","6","W","15"
"2017-11-23 16:08","4","W","9"
"2017-11-23 16:28","4","WSW","10"
"2017-11-23 16:48","4","WNW","13"
"2017-11-23 17:08","1","NE","5"
"2017-11-23 17:28","0","NNE","2"
"2017-11-23 17:48","4","NE","4"
"2017-11-23 18:08","1","E","4"
"2017-11-23 18:28","3","NE","5"
"2017-11-23 18:48","0","N","4"
"2017-11-23 19:08","3","NNE","4"
"2017-11-23 19:28","2","NE","4"
"2017-11-23 19:48","2","WSW","3"
"2017-11-23 20:08","0","WSW","0"
"2017-11-23 20:28","0","W","2"
"2017-11-23 20:48","0","NNE","0"
"2017-11-23 21:08","0","S","3"
"2017-11-23 21:28","1","SE","3"
"2017-11-23 21:48","3","E","6"
"2017-11-23 22:08","6","E","11"
"2017-11-23 22:28","5","ESE","10"
"2017-11-23 22:48","4","ESE","12"
"2017-11-23 23:08","5","ESE","11"
"2017-11-23 23:28","4","ESE","14"
"2017-11-23 23:48","2","ESE","5"
"2017-11-24 00:08","4","ENE","9"
"2017-11-24 00:28","4","E","9"
"2017-11-24 00:48","8","NE","12"
"2017-11-24 01:08","8","ESE","14"
"2017-11-24 01:28","5","E","14"
"2017-11-24 01:48","4","E","12"
"2017-11-24 02:08","5","ENE","10"
"2017-11-24 02:28","7","NE","13"
"2017-11-24 02:48","7","NE","13"
"2017-11-24 03:08","11","NE","15"
"2017-11-24 03:28","6","ENE","13"
"2017-11-24 03:48","8","NE","14"
"2017-11-24 04:08","7","NNE","14"
"2017-11-24 04:28","12","NE","15"
"2017-11-24 04:48","11","NE","15"
"2017-11-24 05:08","10","NE","16"
"2017-11-24 05:28","6","ENE","13"
"2017-11-24 05:48","9","ESE","20"
"2017-11-24 06:08","6","NE","13"
"2017-11-24 06:28","8","NE","10"
"2017-11-24 06:48","5","ENE","9"
"2017-11-24 07:08","6","NE","9"
"2017-11-24 07:28","5","ESE","8"
"2017-11-24 07:48","8","NE","13"
"2017-11-24 08:08","5","ESE","10"
"2017-11-24 08:28","4","E","7"
"2017-11-24 08:48","1","E","6"
"2017-11-24 09:08","0","N","4"
"2017-11-24 09:28","0","ESE","1"
"2017-11-24 09:48","1","ENE","4"
"2017-11-24 10:08","5","SSE","12"
"2017-11-24 10:28","6","S","10"
"2017-11-24 10:48","11","S","17"
"2017-11-24 11:08","8","S","17"
"2017-11-24 11:28","9","S","18"
"2017-11-24 11:48","8","SSW","14"
"2017-11-24 12:08","11","SSW","17"
"2017-11-24 12:28","10","SSW","18"
"2017-11-24 12:48","9","S","18"
"2017-11-24 13:08","12","SSW","19"
"2017-11-24 13:28","13","SSW","20"
"2017-11-24 13:48","8","SSW","23"
"2017-11-24 14:08","10","SSW","18"
"2017-11-24 14:28","12","SSW","20"
"2017-11-24 14:48","11","SW","19"
"2017-11-24 15:08","14","SW","21"
"2017-11-24 15:28","5","SW","16"
"2017-11-24 15:48","14","SW","18"
"2017-11-24 16:08","8","WSW","16"
"2017-11-24 16:28","9","WSW","16"
"2017-11-24 16:48","11","W","20"
"2017-11-24 17:08","8","WSW","19"
"2017-11-24 17:28","8","W","18"
"2017-11-24 17:48","10","WSW","17"
"2017-11-24 18:08","5","WSW","14"
"2017-11-24 18:28","7","W","13"
"2017-11-24 18:48","11","SW","19"
"2017-11-24 19:08","10","WSW","16"
"2017-11-24 19:28","8","W","17"
"2017-11-24 19:48","5","W","9"
"2017-11-24 20:08","4","WSW","9"
"2017-11-24 20:28","3","WSW","7"
"2017-11-24 20:48","5","WSW","9"
"2017-11-24 21:08","4","WSW","10"
"2017-11-24 21:28","4","WSW","5"
"2017-11-24 21:48","3","SW","5"
"2017-11-24 22:08","3","WSW","6"
"2017-11-24 22:28","5","W","13"
"2017-11-24 22:48","6","W","11"
"2017-11-24 23:08","5","NW","16"
"2017-11-24 23:28","4","WNW","14"
"2017-11-24 23:48","5","WNW","13"
"2017-11-25 00:08","6","W","12"
"2017-11-25 00:28","5","WNW","13"
"2017-11-25 00:48","10","W","24"
"2017-11-25 01:08","6","WSW","21"
"2017-11-25 01:28","10","W","21"
"2017-11-25 01:48","11","W","21"
"2017-11-25 02:08","7","W","18"
"2017-11-25 02:28","9","WNW","17"
"2017-11-25 02:48","9","WNW","21"
"2017-11-25 03:08","6","NW","27"
"2017-11-25 03:28","12","W","25"
"2017-11-25 03:48","7","NW","23"
"2017-11-25 04:08","9","WSW","21"
"2017-11-25 04:28","6","WSW","26"
"2017-11-25 04:48","8","WNW","23"
"2017-11-25 05:08","9","WNW","21"
"2017-11-25 05:28","9","W","19"
"2017-11-25 05:48","11","WNW","23"
"2017-11-25 06:08","9","WNW","23"
"2017-11-25 06:28","13","WNW","28"
"2017-11-25 06:48","9","NW","28"
"2017-11-25 07:08","14","W","32"
"2017-11-25 07:28","13","NW","22"
"2017-11-25 07:48","10","WSW","21"
"2017-11-25 08:08","12","W","27"
"2017-11-25 08:28","11","SW","22"
"2017-11-25 08:48","10","W","19"
"2017-11-25 09:08","9","W","22"
"2017-11-25 09:28","10","WNW","21"
"2017-11-25 09:48","11","WNW","23"
"2017-11-25 10:08","11","W","23"
"2017-11-25 10:28","11","WNW","22"
"2017-11-25 10:48","11","W","25"
"2017-11-25 11:08","12","WNW","18"
"2017-11-25 11:28","11","WSW","21"
"2017-11-25 11:48","8","WNW","18"
"2017-11-25 12:08","13","W","20"
"2017-11-25 12:28","5","WSW","17"
"2017-11-25 12:48","10","W","24"
"2017-11-25 13:08","8","WSW","19"
"2017-11-25 13:28","13","SW","21"
"2017-11-25 13:48","13","WSW","21"
"2017-11-25 14:08","12","WSW","19"
"2017-11-25 14:28","10","W","23"
"2017-11-25 14:48","12","WSW","21"
"2017-11-25 15:08","10","WSW","18"
"2017-11-25 15:28","12","WNW","23"
"2017-11-25 15:48","7","NW","16"
"2017-11-25 16:08","5","WSW","16"
"2017-11-25 16:28","7","W","15"
"2017-11-25 16:48","14","SW","20"
"2017-11-25 17:08","9","W","21"
"2017-11-25 17:28","5","WNW","8"
"2017-11-25 17:48","2","WSW","4"
"2017-11-25 18:08","0","E","3"
"2017-11-25 18:28","0","SW","2"
"2017-11-25 18:48","0","NE","3"
"2017-11-25 19:08","0","ENE","1"
"2017-11-25 19:28","0","N/A","0"
"2017-11-25 19:48","0","S","1"
"2017-11-25 20:08","0","S","0"
"2017-11-25 20:28","0","N/A","3"
"2017-11-25 20:48","","N/A","2"
"2017-11-25 21:08","0","NE","0"
"2017-11-25 21:28","0","ENE","3"
"2017-11-25 21:48","1","WSW","2"
"2017-11-25 22:08","0","NE","1"
"2017-11-25 22:28","1","NE","2"
"2017-11-25 22:48","0","NE","2"
"2017-11-25 23:08","0","WSW","0"
"2017-11-25 23:28","2","NE","4"
"2017-11-25 23:48","3","NE","4"
"2017-11-26 00:08","0","SSE","2"
"2017-11-26 00:28","0","S","0"
"2017-11-26 00:48","0","NE","0"
"2017-11-26 01:08","0","NNE","2"
"2017-11-26 01:28","0","SE","3"
"2017-11-26 01:48","0","SE","2"
"2017-11-26 02:08","0","SE","1"
"2017-11-26 02:28","0","WSW","3"
"2017-11-26 02:48","0","WSW","3"
"2017-11-26 03:08","0","NE","3"
"2017-11-26 03:28","0","SW","3"
"2017-11-26 03:52","1","SSW","4"
"2017-11-26 04:08","1","SE","2"
"2017-11-26 04:28","2","SE","5"
"2017-11-26 04:48","7","SSE","12"
"2017-11-26 05:08","4","S","9"
"2017-11-26 05:28","4","ESE","7"
"2017-11-26 05:48","4","SE","6"
"2017-11-26 06:08","7","SSE","15"
"2017-11-26 06:28","9","SSE","16"
"2017-11-26 06:48","9","SSE","19"
"2017-11-26 07:08","9","SSE","26"
"2017-11-26 07:28","7","SSE","15"
"2017-11-26 07:48","5","SE","10"
"2017-11-26 08:08","1","SSE","6"
"2017-11-26 08:28","8","S","15"
"2017-11-26 08:48","5","S","13"
"2017-11-26 09:08","5","SSW","9"
"2017-11-26 09:28","4","SSE","8"
"2017-11-26 09:48","4","WSW","8"
"2017-11-26 10:08","3","S","6"
"2017-11-26 10:28","5","WSW","7"
"2017-11-26 10:48","14","W","23"
"2017-11-26 11:08","12","W","27"
"2017-11-26 11:28","13","WSW","33"
"2017-11-26 11:48","8","W","21"
"2017-11-26 12:08","13","W","28"
"2017-11-26 12:28","10","W","31"
"2017-11-26 12:48","13","W","30"
"2017-11-26 13:08","12","WNW","36"
"2017-11-26 13:28","9","W","27"
"2017-11-26 13:48","8","W","19"
"2017-11-26 14:08","12","W","24"
"2017-11-26 14:28","8","W","24"
"2017-11-26 14:48","6","W","30"
"2017-11-26 15:08","7","WNW","27"
"2017-11-26 15:28","10","W","21"
"2017-11-26 15:48","8","WSW","18"
"2017-11-26 16:08","10","W","21"
"2017-11-26 16:28","8","WNW","15"
"2017-11-26 16:48","6","W","14"
"2017-11-26 17:08","7","NW","26"
"2017-11-26 17:28","6","WSW","21"
"2017-11-26 17:48","14","WNW","23"
"2017-11-26 18:08","8","W","19"
"2017-11-26 18:28","6","W","18"
"2017-11-26 18:48","6","W","18"
"2017-11-26 19:08","9","NW","16"
"2017-11-26 19:28","4","WNW","17"
"2017-11-26 19:48","8","WSW","23"
"2017-11-26 20:08","9","W","20"
"2017-11-26 20:28","9","NW","27"
"2017-11-26 20:48","5","WNW","14"
"2017-11-26 21:08","7","WSW","15"
"2017-11-26 21:28","8","WNW","19"
"2017-11-26 21:48","8","W","14"
"2017-11-26 22:08","4","WNW","16"
"2017-11-26 22:28","4","WSW","9"
"2017-11-26 22:48","2","W","11"
"2017-11-26 23:08","4","WNW","9"
"2017-11-26 23:28","1","NW","8"
"2017-11-26 23:48","5","W","9"
"2017-11-27 00:08","9","WSW","12"
"2017-11-27 00:28","9","WSW","15"
"2017-11-27 00:48","8","SW","15"
"2017-11-27 01:08","7","WNW","14"
"2017-11-27 01:28","6","WNW","15"
"2017-11-27 01:48","4","WSW","9"
"2017-11-27 02:08","3","W","4"
"2017-11-27 02:28","1","WSW","2"
"2017-11-27 02:48","4","WSW","8"
"2017-11-27 03:08","0","SSW","1"
"2017-11-27 03:28","3","WSW","4"
"2017-11-27 03:48","1","WSW","5"
"2017-11-27 04:08","0","WSW","3"
"2017-11-27 04:28","3","NE","3"
"2017-11-27 04:48","1","NE","3"
"2017-11-27 05:08","0","SW","0"
"2017-11-27 05:28","1","SW","1"
"2017-11-27 05:48","0","SSW","0"
"2017-11-27 06:08","1","NE","3"
"2017-11-27 06:28","1","SW","1"
"2017-11-27 06:48","0","S","0"
"2017-11-27 07:08","0","NNE","0"
"2017-11-27 07:28","0","N","2"
"2017-11-27 07:48","1","NE","3"
"2017-11-27 08:08","1","NNE","2"
"2017-11-27 08:28","0","NE","4"
"2017-11-27 08:48","1","WSW","2"
"2017-11-27 09:08","0","SW","1"
"2017-11-27 09:28","0","WNW","1"
"2017-11-27 09:48","2","NNE","3"
"2017-11-27 10:08","0","NNW","1"
"2017-11-27 10:28","2","SE","3"
"2017-11-27 10:48","2","ESE","6"
"2017-11-27 11:08","8","ESE","13"
"2017-11-27 11:28","9","ESE","13"
"2017-11-27 11:48","9","SE","14"
"2017-11-27 12:08","7","SSE","13"
"2017-11-27 12:28","10","SSE","18"
"2017-11-27 12:48","11","SSE","17"
"2017-11-27 13:08","13","SE","19"
"2017-11-27 13:28","10","SSE","21"
"2017-11-27 13:48","6","ESE","15"
"2017-11-27 14:08","4","SE","22"
"2017-11-27 14:28","7","SSE","19"
"2017-11-27 14:48","8","SSE","17"
"2017-11-27 15:08","10","SE","16"
"2017-11-27 15:28","9","ESE","14"
"2017-11-27 15:48","12","E","17"
"2017-11-27 16:08","5","ESE","16"
"2017-11-27 16:28","9","ESE","19"
"2017-11-27 16:48","11","ESE","17"
"2017-11-27 17:08","10","ESE","17"
"2017-11-27 17:28","9","ESE","18"
"2017-11-27 17:48","10","SE","21"
"2017-11-27 18:08","13","ESE","23"
"2017-11-27 18:28","6","SE","15"
"2017-11-27 18:48","11","ESE","23"
"2017-11-27 19:08","11","ESE","20"
"2017-11-27 19:28","11","ESE","19"
"2017-11-27 19:48","8","SE","18"
"2017-11-27 20:08","9","SSE","18"
"2017-11-27 20:28","9","ESE","15"
"2017-11-27 20:48","6","E","19"
"2017-11-27 21:08","9","SE","23"
"2017-11-27 21:28","5","SE","29"
"2017-11-27 21:48","6","SSE","15"
"2017-11-27 22:08","8","ESE","15"
"2017-11-27 22:28","6","SE","23"
"2017-11-27 22:48","10","SSE","27"
"2017-11-27 23:08","11","SE","25"
"2017-11-27 23:28","18","SSE","37"
"2017-11-27 23:48","11","SSE","26"
"2017-11-28 00:08","12","SSE","29"
"2017-11-28 00:28","15","SSE","27"
"2017-11-28 00:48","14","SSE","34"
"2017-11-28 01:08","15","SSE","33"
"2017-11-28 01:28","15","SSE","25"
"2017-11-28 01:48","12","SSE","26"
"2017-11-28 02:08","13","SSE","23"
"2017-11-28 02:28","13","SSE","26"
"2017-11-28 02:48","13","SSE","29"
"2017-11-28 03:08","12","SSE","18"
"2017-11-28 03:28","13","SSE","22"
"2017-11-28 03:48","15","SSE","24"
"2017-11-28 04:08","12","SSE","22"
"2017-11-28 04:28","11","SSE","27"
"2017-11-28 04:48","13","S","24"
"2017-11-28 05:08","13","S","23"
"2017-11-28 05:28","11","S","32"
"2017-11-28 05:48","14","S","26"
"2017-11-28 06:08","12","SSE","28"
"2017-11-28 06:28","12","S","26"
"2017-11-28 06:48","15","SSW","24"
"2017-11-28 07:08","14","SSW","25"
"2017-11-28 07:28","14","SSW","22"
"2017-11-28 07:48","13","SSW","28"
"2017-11-28 08:08","11","SSW","25"
"2017-11-28 08:28","12","S","23"
"2017-11-28 08:48","14","S","28"
"2017-11-28 09:08","14","SSW","23"
"2017-11-28 09:28","15","SSW","23"
"2017-11-28 09:48","12","S","23"
"2017-11-28 10:08","13","SSW","29"
"2017-11-28 10:28","15","S","28"
"2017-11-28 10:48","18","SSW","36"
"2017-11-28 11:08","14","S","26"
"2017-11-28 11:28","17","S","35"
"2017-11-28 11:48","13","S","23"
"2017-11-28 12:08","15","SSW","39"
"2017-11-28 12:28","20","SSW","39"
"2017-11-28 12:48","25","SSW","41"
"2017-11-28 13:08","20","SW","45"
"2017-11-28 13:28","29","SSW","50"
"2017-11-28 13:48","34","SW","49"
"2017-11-28 14:08","23","SW","45"
"2017-11-28 14:28","21","SSW","38"
"2017-11-28 14:48","17","SSW","36"
"2017-11-28 15:08","21","SSW","37"
"2017-11-28 15:28","24","WSW","41"
"2017-11-28 15:48","32","WSW","52"
"2017-11-28 16:08","21","WSW","40"
"2017-11-28 16:28","33","WSW","54"
"2017-11-28 16:48","29","SW","44"
"2017-11-28 17:08","34","SW","59"
"2017-11-28 17:28","14","WSW","35"
"2017-11-28 17:48","17","WSW","34"
"2017-11-28 18:08","12","WSW","28"
"2017-11-28 18:28","10","WSW","33"
"2017-11-28 18:48","26","W","43"
"2017-11-28 19:08","19","WSW","48"
"2017-11-28 19:28","16","W","33"
"2017-11-28 19:48","19","WSW","33"
"2017-11-28 20:08","21","WSW","37"
"2017-11-28 20:28","14","WSW","43"
"2017-11-28 20:48","15","W","32"
"2017-11-28 21:08","15","WSW","32"
"2017-11-28 21:28","19","WSW","37"
"2017-11-28 21:48","20","SW","32"
"2017-11-28 22:08","19","WSW","41"
"2017-11-28 22:28","22","WSW","37"
"2017-11-28 22:48","19","WSW","31"
"2017-11-28 23:08","15","WSW","30"
"2017-11-28 23:28","14","WSW","39"
"2017-11-28 23:48","15","WSW","29"
"2017-11-29 00:08","21","WSW","32"
"2017-11-29 00:28","19","SW","32"
"2017-11-29 00:48","17","WSW","36"
"2017-11-29 01:08","16","WSW","26"
"2017-11-29 01:28","14","WSW","33"
"2017-11-29 01:48","14","WSW","27"
"2017-11-29 02:08","15","WSW","21"
"2017-11-29 02:28","12","WSW","23"
"2017-11-29 02:48","10","WSW","22"
"2017-11-29 03:08","14","WSW","27"
"2017-11-29 03:28","10","WSW","21"
"2017-11-29 03:48","17","WSW","24"
"2017-11-29 04:08","10","WSW","25"
"2017-11-29 04:28","16","SW","24"
"2017-11-29 04:48","14","SW","19"
"2017-11-29 05:08","11","SW","20"
"2017-11-29 05:28","12","WSW","16"
"2017-11-29 05:48","6","SW","19"
"2017-11-29 06:08","8","SW","12"
"2017-11-29 06:28","10","WSW","20"
"2017-11-29 06:48","11","SW","17"
"2017-11-29 07:08","9","WSW","18"
"2017-11-29 07:28","7","SW","15"
"2017-11-29 07:48","9","SW","19"
"2017-11-29 08:08","1","S","8"
"2017-11-29 08:28","3","S","7"
"2017-11-29 08:48","3","SSE","7"
"2017-11-29 09:08","6","SW","15"
"2017-11-29 09:28","8","SSW","15"
"2017-11-29 09:48","13","SW","22"
"2017-11-29 10:08","13","SW","23"
"2017-11-29 10:28","11","SW","18"
"2017-11-29 10:48","16","SW","27"
"2017-11-29 11:08","12","SW","17"
"2017-11-29 11:28","6","S","15"
"2017-11-29 11:48","5","S","16"
"2017-11-29 12:08","6","S","13"
"2017-11-29 12:28","8","SSE","17"
"2017-11-29 12:48","9","SSE","15"
"2017-11-29 13:08","9","S","19"
"2017-11-29 13:28","10","S","22"
"2017-11-29 13:48","10","SSE","19"
"2017-11-29 14:08","10","SSE","18"
"2017-11-29 14:28","12","SSE","21"
"2017-11-29 14:48","16","SSE","22"
"2017-11-29 15:08","11","SSE","19"
"2017-11-29 15:28","11","SSE","22"
"2017-11-29 15:48","10","SSE","18"
"2017-11-29 16:08","11","SSE","21"
"2017-11-29 16:28","9","SSE","19"
"2017-11-29 16:48","8","SSE","15"
"2017-11-29 17:08","10","SSE","17"
"2017-11-29 17:28","12","SSE","21"
"2017-11-29 17:48","9","SSE","17"
"2017-11-29 18:08","8","SSE","19"
"2017-11-29 18:28","10","SSE","17"
"2017-11-29 18:48","11","SSE","20"
"2017-11-29 19:08","10","SSE","16"
"2017-11-29 19:28","8","SSE","27"
"2017-11-29 19:48","13","SSE","19"
"2017-11-29 20:08","11","SSE","20"
"2017-11-29 20:28","12","SSE","23"
"2017-11-29 20:48","9","SSE","21"
"2017-11-29 21:08","12","SSE","22"
"2017-11-29 21:28","12","SSE","19"
"2017-11-29 21:48","14","SE","24"
"2017-11-29 22:08","14","SSE","22"
"2017-11-29 22:28","12","SSE","25"
"2017-11-29 22:48","15","SE","27"
"2017-11-29 23:08","15","SSE","29"
"2017-11-29 23:28","18","SSE","32"
"2017-11-29 23:48","16","SE","29"
"2017-11-30 00:08","14","SSE","31"
"2017-11-30 00:28","14","SSE","27"
"2017-11-30 00:48","14","SE","34"
"2017-11-30 01:08","17","SSE","29"
"2017-11-30 01:28","16","SSE","28"
"2017-11-30 01:48","15","SSE","31"
"2017-11-30 02:08","13","SSE","26"
"2017-11-30 02:28","13","SSE","25"
"2017-11-30 02:50","10","SSE","21"
"2017-11-30 03:15","11","SSE","19"
"2017-11-30 03:28","12","SSE","20"
"2017-11-30 03:48","13","SSE","27"
"2017-11-30 04:08","11","SSE","28"
"2017-11-30 04:28","13","SSE","27"
"2017-11-30 04:48","15","S","27"
"2017-11-30 05:08","15","SSE","25"
"2017-11-30 05:28","14","SSE","27"
"2017-11-30 05:48","16","SSE","28"
"2017-11-30 06:08","12","SSE","23"
"2017-11-30 06:28","11","SSE","25"
"2017-11-30 06:48","13","S","26"
"2017-11-30 07:08","12","S","23"
"2017-11-30 07:28","12","S","31"
"2017-11-30 07:48","13","S","27"
"2017-11-30 08:08","17","SSW","28"
"2017-11-30 08:28","11","S","21"
"2017-11-30 08:48","13","SSW","25"
"2017-11-30 09:08","10","SSW","20"
"2017-11-30 09:28","12","SSW","23"
"2017-11-30 09:48","11","SW","28"
"2017-11-30 10:08","17","WSW","31"
"2017-11-30 10:28","15","WSW","30"
"2017-11-30 10:48","14","SW","27"
"2017-11-30 11:08","9","WSW","22"
"2017-11-30 11:28","12","WSW","23"
"2017-11-30 11:48","17","W","34"
"2017-11-30 12:08","20","SW","38"
"2017-11-30 12:28","18","WSW","42"
"2017-11-30 12:48","15","WSW","36"
"2017-11-30 13:08","15","WSW","32"
"2017-11-30 13:28","21","WSW","37"
"2017-11-30 13:48","25","WSW","42"
"2017-11-30 14:08","14","WSW","36"
"2017-11-30 14:28","18","W","33"
"2017-11-30 14:48","15","W","36"
"2017-11-30 15:08","14","WSW","30"
"2017-11-30 15:28","18","WSW","29"
"2017-11-30 15:48","10","W","21"
"2017-11-30 16:08","12","W","32"
"2017-11-30 16:28","11","WSW","17"
"2017-11-30 16:48","22","SW","33"
"2017-11-30 17:08","17","WSW","29"
"2017-11-30 17:28","17","W","25"
"2017-11-30 17:48","8","WNW","22"
"2017-11-30 18:08","13","WSW","24"
"2017-11-30 18:28","17","WSW","28"
"2017-11-30 18:48","16","WSW","26"
"2017-11-30 19:08","13","W","23"
"2017-11-30 19:28","12","NW","24"
"2017-11-30 19:48","6","NW","15"
"2017-11-30 20:08","5","W","12"
"2017-11-30 20:28","3","W","8"
"2017-11-30 20:48","5","W","15"
"2017-11-30 21:08","3","W","8"
"2017-11-30 21:28","3","SW","4"
"2017-11-30 21:48","1","W","3"
"2017-11-30 22:08","0","SW","2"
"2017-11-30 22:28","0","SW","2"
"2017-11-30 22:48","0","SW","0"
"2017-11-30 23:08","0","NE","2"
"2017-11-30 23:28","0","ENE","2"
"2017-11-30 23:48","0","E","2"